# t	u	ec	e	T
0.005	-2.4128625613274814	0.992959553876377	-1.4199030074511045	0.992959553876377
0.009999999999999995	-2.3991093569722106	0.9792063576517469	-1.4199029993204635	0.9792063576517469
0.014999999999999965	-2.380506413726757	0.9606034357674273	-1.419902977959329	0.9606034357674273
0.019999999999999934	-2.3579984431531007	0.9380955045219252	-1.4199029386311752	0.9380955045219252
0.024999999999999904	-2.3324101654463054	0.9125072326045774	-1.4199029328417283	0.9125072326045774
0.029999999999999874	-2.304290871272936	0.8843879304811202	-1.4199029407918158	0.8843879304811202
0.034999999999999976	-2.2738774468189096	0.8539745163833606	-1.419902930435549	0.8539745163833606
0.04000000000000012	-2.241261817651823	0.8213588878075732	-1.4199029298442496	0.8213588878075732
0.04500000000000026	-2.2067073179559533	0.7868043951281942	-1.4199029228277593	0.7868043951281942
0.050000000000000405	-2.1710079268662565	0.751105056647903	-1.4199028702183534	0.751105056647903
0.05500000000000055	-2.1356810957039984	0.7157782764581274	-1.4199028192458711	0.7157782764581274
0.06000000000000069	-2.10285764157304	0.6829548856618968	-1.4199027559111428	0.6829548856618968
0.06500000000000083	-2.0748812404516936	0.6549785472246111	-1.4199026932270824	0.6549785472246111
0.07000000000000098	-2.0537599809460794	0.6338573217601321	-1.419902659185947	0.6338573217601321
0.07500000000000112	-2.0406857899713	0.6207831365841825	-1.4199026533871173	0.6207831365841825
0.08000000000000126	-2.0357907734094716	0.6158880854030319	-1.4199026880064398	0.6158880854030319
0.08500000000000141	-2.03819487174417	0.6182921505300826	-1.4199027212140876	0.6182921505300826
0.09000000000000155	-2.0462794416289474	0.6263766681479646	-1.4199027734809826	0.6263766681479646
0.0950000000000017	-2.058060044452919	0.6381572273580364	-1.4199028170948826	0.6381572273580364
0.10000000000000184	-2.0715495838534013	0.6516467255158013	-1.4199028583376003	0.6516467255158013
0.10500000000000198	-2.0850507610443914	0.6651478759006237	-1.419902885143768	0.6651478759006237
0.11000000000000212	-2.0973405312875815	0.6774376327516007	-1.419902898535981	0.6774376327516007
0.11500000000000227	-2.107767642825765	0.6878647461628671	-1.4199028966628982	0.6878647461628671
0.12000000000000241	-2.1162505074563165	0.6963476125531507	-1.4199028949031658	0.6963476125531507
0.12500000000000255	-2.1231752229324217	0.7032723466221846	-1.419902876310237	0.7032723466221846
0.130000000000002	-2.129233803078468	0.7093309372500245	-1.4199028658284432	0.7093309372500245
0.13500000000000145	-2.135217979479136	0.7153151329251136	-1.4199028465540224	0.7153151329251136
0.1400000000000009	-2.141822966146318	0.7219201171532332	-1.4199028489930852	0.7219201171532332
0.14500000000000035	-2.1495172738099795	0.7296144306953087	-1.4199028431146707	0.7296144306953087
0.1499999999999998	-2.1584769418974674	0.7385741058458107	-1.4199028360516563	0.7385741058458107
0.15499999999999925	-2.16860659593343	0.7487037643246499	-1.4199028316087798	0.7487037643246499
0.1599999999999987	-2.179590366036991	0.7596875264103935	-1.4199028396265976	0.7596875264103935
0.16499999999999815	-2.1909537001379977	0.7710508409377442	-1.4199028592002536	0.7710508409377442
0.1699999999999976	-2.2021023094259915	0.7821994430000621	-1.4199028664259294	0.7821994430000621
0.17499999999999705	-2.2123602104888054	0.7924573226782631	-1.4199028878105424	0.7924573226782631
0.1799999999999965	-2.2210110940886643	0.8011081874038148	-1.4199029066848494	0.8011081874038148
0.18499999999999595	-2.2273807500209353	0.807477834823098	-1.4199029151978373	0.807477834823098
0.1899999999999954	-2.2309442729525353	0.8110413535795411	-1.4199029193729942	0.8110413535795411
0.19499999999999484	-2.2314727980531366	0.8115698549546103	-1.4199029430985264	0.8115698549546103
0.1999999999999943	-2.229146082592048	0.8092431589743134	-1.4199029236177345	0.8092431589743134
0.20499999999999374	-2.2246053943459234	0.8047025047471642	-1.4199028895987595	0.8047025047471642
0.2099999999999932	-2.2188686259776293	0.7989657615482522	-1.4199028644293776	0.7989657615482522
0.21499999999999264	-2.213094586925539	0.7931917432409042	-1.4199028436846348	0.7931917432409042
0.2199999999999921	-2.2082397205157296	0.7883368819190839	-1.419902838596646	0.7883368819190839
0.22499999999999154	-2.204756794613754	0.7848539467585951	-1.4199028478551592	0.7848539467585951
0.229999999999991	-2.2024972095455144	0.7825943364922907	-1.419902873053224	0.7825943364922907
0.23499999999999044	-2.200871630782708	0.78096873590763	-1.419902894875078	0.78096873590763
0.2399999999999899	-2.199163972458745	0.7792610526751086	-1.4199029197836364	0.7792610526751086
0.24499999999998934	-2.1968198139457473	0.7769169141441203	-1.4199028998016268	0.7769169141441203
0.2499999999999888	-2.1935835611270873	0.7736806573855701	-1.419902903741517	0.7736806573855701
0.25499999999998824	-2.189475900565635	0.76957299796462	-1.4199029026010148	0.76957299796462
0.2599999999999877	-2.1846605122833442	0.764757597971748	-1.4199029143115962	0.764757597971748
0.26499999999998713	-2.179277527644683	0.759374597140516	-1.419902930504167	0.759374597140516
0.2699999999999866	-2.1733715164374616	0.7534685711701898	-1.419902945267272	0.7534685711701898
0.27499999999998603	-2.1670296182329136	0.747126670552074	-1.4199029476808398	0.747126670552074
0.2799999999999855	-2.160703494520129	0.7408005418137803	-1.4199029527063487	0.7408005418137803
0.28499999999998493	-2.1554937224090738	0.735590806123945	-1.4199029162851289	0.735590806123945
0.2899999999999844	-2.1530118761444204	0.7331090049454546	-1.4199028711989654	0.7331090049454546
0.29499999999998383	-2.154665549710806	0.7347626820088852	-1.4199028677019205	0.7347626820088852
0.2999999999999833	-2.1607994139307696	0.7408965248228069	-1.4199028891079626	0.7408965248228069
0.30499999999998273	-2.170426297273785	0.7505233760401434	-1.4199029212336416	0.7505233760401434
0.3099999999999822	-2.181727540169174	0.7618245799648358	-1.4199029602043378	0.7618245799648358
0.31499999999998163	-2.1928326290049127	0.7729296402727038	-1.4199029887322085	0.7729296402727038
0.3199999999999811	-2.20237559181122	0.782472587264131	-1.419903004547089	0.782472587264131
0.3249999999999805	-2.209740009331571	0.7898370201589292	-1.4199029891726418	0.7898370201589292
0.32999999999998	-2.2150656748818838	0.7951627189728954	-1.4199029559089882	0.7951627189728954
0.3349999999999794	-2.2190948521990337	0.7991919454281665	-1.4199029067708673	0.7991919454281665
0.3399999999999789	-2.222909566168504	0.8030067039617428	-1.4199028622067613	0.8030067039617428
0.3449999999999783	-2.2276133322681746	0.8077105054996916	-1.4199028267684832	0.8077105054996916
0.3499999999999778	-2.23406228227576	0.8141594551047513	-1.4199028271710088	0.8141594551047513
0.3549999999999772	-2.242699614726935	0.8227967950288902	-1.4199028196980448	0.8227967950288902
0.35999999999997667	-2.2535098653706696	0.833607048399726	-1.4199028169709436	0.833607048399726
0.3649999999999761	-2.2660633497904503	0.8461605147178561	-1.4199028350725944	0.8461605147178561
0.36999999999997557	-2.2796002814796994	0.8596974207537836	-1.4199028607259156	0.8596974207537836
0.374999999999975	-2.2931409012194766	0.873238012282787	-1.4199028889366894	0.873238012282787
0.37999999999997447	-2.305599283031141	0.8856963520263674	-1.419902931004774	0.8856963520263674
0.3849999999999739	-2.3159103296928403	0.8960073485674261	-1.4199029811254145	0.8960073485674261
0.38999999999997337	-2.323162254128112	0.9032592560974192	-1.4199029980306925	0.9032592560974192
0.3949999999999728	-2.32674748525857	0.9068444954067076	-1.419902989851862	0.9068444954067076
0.39999999999997227	-2.3265148915077756	0.906611904862144	-1.4199029866456312	0.906611904862144
0.4049999999999717	-2.322905320475706	0.9030023718965378	-1.419902948579168	0.9030023718965378
0.40999999999997117	-2.3169723529228237	0.8970694618980198	-1.419902891024804	0.8970694618980198
0.4149999999999706	-2.310219671273514	0.8903168271196263	-1.4199028441538877	0.8903168271196263
0.41999999999997006	-2.304215470529334	0.8843126301177339	-1.4199028404115999	0.8843126301177339
0.4249999999999695	-2.3000954349481786	0.8801926038024931	-1.4199028311456856	0.8801926038024931
0.42999999999996896	-2.298183344727601	0.8782804956826982	-1.419902849044903	0.8782804956826982
0.4349999999999684	-2.297876043399145	0.8779731601560797	-1.4199028832430654	0.8779731601560797
0.43999999999996786	-2.2978470091316354	0.8779440674897337	-1.4199029416419018	0.8779440674897337
0.4449999999999673	-2.2964424141228013	0.8765394279889052	-1.4199029861338963	0.8765394279889052
0.44999999999996676	-2.292118627126156	0.8722156067546156	-1.419903020371541	0.8722156067546156
0.4549999999999662	-2.283808057995981	0.8639050270912411	-1.4199030309047402	0.8639050270912411
0.45999999999996566	-2.2712126454063752	0.8513096175833248	-1.4199030278230504	0.8513096175833248
0.4649999999999651	-2.254953456810742	0.8350504753723506	-1.4199029814383914	0.8350504753723506
0.46999999999996456	-2.2365266542976987	0.8166237332032255	-1.419902921094473	0.8166237332032255
0.474999999999964	-2.2180659234027464	0.7981630516353416	-1.4199028717674047	0.7981630516353416
0.47999999999996346	-2.2019468441306427	0.7820439960429129	-1.4199028480877296	0.7820439960429129
0.4849999999999629	-2.190368381852048	0.7704655744539928	-1.4199028073980555	0.7704655744539928
0.48999999999996235	-2.184989768473152	0.7650869507943625	-1.4199028176787898	0.7650869507943625
0.4949999999999618	-2.186575977174735	0.7666731494714909	-1.4199028277032437	0.7666731494714909
0.49999999999996125	-2.194719402648515	0.774816537449436	-1.419902865199079	0.774816537449436
0.5049999999999607	-2.207835807804254	0.787932877574522	-1.4199029302297321	0.787932877574522
0.5099999999999602	-2.2235172755798813	0.8036142783966497	-1.4199029971832315	0.8036142783966497
0.5149999999999596	-2.2391015742820852	0.8191985146301274	-1.4199030596519577	0.8191985146301274
0.519999999999959	-2.252198178218172	0.8322950707578053	-1.4199031074603667	0.8322950707578053
0.5249999999999585	-2.2610599987956537	0.8411568839801233	-1.41990311481553	0.8411568839801233
0.529999999999958	-2.264768185666666	0.8448650579584929	-1.4199031277081735	0.8448650579584929
0.5349999999999574	-2.2632701002461246	0.8433669853533986	-1.419903114892726	0.8433669853533986
0.5399999999999568	-2.2572953966034195	0.8373923028952082	-1.4199030937082113	0.8373923028952082
0.5449999999999563	-2.248168315473987	0.8282652729703088	-1.419903042503678	0.8282652729703088
0.5499999999999557	-2.2375468942137444	0.8176438835281787	-1.4199030106855657	0.8176438835281787
0.5549999999999552	-2.2271228720171052	0.8072199039472485	-1.4199029680698567	0.8072199039472485
0.5599999999999546	-2.2183424138971835	0.7984394648255214	-1.4199029490716624	0.7984394648255214
0.5649999999999541	-2.2121480148005443	0.7922450701278575	-1.4199029446726867	0.7922450701278575
0.5699999999999535	-2.2088060316897957	0.7889030810854111	-1.4199029506043848	0.7889030810854111
0.574999999999953	-2.2078777443108457	0.7879747606960729	-1.4199029836147727	0.7879747606960729
0.5799999999999524	-2.2083659077368014	0.7884628932674835	-1.4199030144693179	0.7884628932674835
0.5849999999999519	-2.2090299900207473	0.7891269560434993	-1.419903033977248	0.7891269560434993
0.5899999999999513	-2.2087039772221737	0.7888008983341208	-1.419903078888053	0.7888008983341208
0.5949999999999508	-2.206552370902282	0.7866492791593019	-1.4199030917429802	0.7866492791593019
0.5999999999999502	-2.202275009424544	0.7823719328170046	-1.4199030766075396	0.7823719328170046
0.6049999999999497	-2.1963220969115587	0.7764190454352987	-1.4199030514762598	0.7764190454352987
0.6099999999999491	-2.189999806541328	0.7700967921359262	-1.419903014405402	0.7700967921359262
0.6149999999999486	-2.185278176236985	0.7653752050853284	-1.4199029711516562	0.7653752050853284
0.619999999999948	-2.184160851574834	0.7642579131151891	-1.419902938459645	0.7642579131151891
0.6249999999999475	-2.1878219097541716	0.7679189583411198	-1.419902951413052	0.7679189583411198
0.6299999999999469	-2.196019377964101	0.7761163922559251	-1.419902985708176	0.7761163922559251
0.6349999999999464	-2.2072330818818444	0.7873300397195772	-1.4199030421622674	0.7873300397195772
0.6399999999999458	-2.2194455751894218	0.7995425055416611	-1.419903069647761	0.7995425055416611
0.6449999999999453	-2.230943307381974	0.8110402255368777	-1.4199030818450962	0.8110402255368777
0.6499999999999447	-2.2406819428358986	0.8207788882447892	-1.4199030545911093	0.8207788882447892
0.6549999999999442	-2.248245228908383	0.8283421834435365	-1.4199030454648467	0.8283421834435365
0.6599999999999436	-2.253668479546442	0.8337654428196741	-1.4199030367267675	0.8337654428196741
0.6649999999999431	-2.257311217799712	0.8374081922288192	-1.4199030255708929	0.8374081922288192
0.6699999999999425	-2.2597196407396414	0.8398166488928518	-1.4199029918467894	0.8398166488928518
0.674999999999942	-2.2614876015861536	0.8415846192033867	-1.419902982382767	0.8415846192033867
0.6799999999999414	-2.263192662769064	0.8432896938900482	-1.419902968879016	0.8432896938900482
0.6849999999999409	-2.2655922052072706	0.8456892753791897	-1.4199029298280808	0.8456892753791897
0.6899999999999403	-2.2699736563482005	0.8500707578639636	-1.4199028984842368	0.8500707578639636
0.6949999999999398	-2.2780811722229113	0.8581783076301955	-1.419902864592716	0.8581783076301955
0.6999999999999392	-2.2909741734161746	0.871071271214728	-1.4199029022014469	0.871071271214728
0.7049999999999387	-2.3073543095532214	0.8874513020614363	-1.419903007491785	0.8874513020614363
0.7099999999999381	-2.323154110958228	0.9032509875995851	-1.419903123358643	0.9032509875995851
0.7149999999999376	-2.3331377445098225	0.9132345206023494	-1.4199032239074734	0.9132345206023494
0.719999999999937	-2.3331372381479882	0.9132339848725443	-1.4199032532754439	0.9132339848725443
0.7249999999999365	-2.321373980497484	0.9014707659451947	-1.4199032145522892	0.9014707659451947
0.7299999999999359	-2.2987770186036163	0.8788738917250757	-1.4199031268785405	0.8788738917250757
0.7349999999999354	-2.2688253754318444	0.8489223840951632	-1.4199029913366812	0.8489223840951632
0.7399999999999348	-2.2369353057266115	0.8170324629599177	-1.419902842766694	0.8170324629599177
0.7449999999999343	-2.208982111913249	0.7890793639104621	-1.419902748002787	0.7890793639104621
0.7499999999999337	-2.1891296123808512	0.7692268848294783	-1.4199027275513731	0.7692268848294783
0.7549999999999332	-2.1783639163988076	0.7584611440202735	-1.419902772378534	0.7584611440202735
0.7599999999999326	-2.1750014092089476	0.7550985653004432	-1.4199028439085044	0.7550985653004432
0.7649999999999321	-2.176477913348295	0.756575033773474	-1.4199028795748212	0.756575033773474
0.7699999999999315	-2.1806650188791448	0.7607621004749626	-1.4199029184041823	0.7607621004749626
0.774999999999931	-2.186047073142103	0.7661441412221376	-1.4199029319199652	0.7661441412221376
0.7799999999999304	-2.1913300479224973	0.7714270745629359	-1.4199029733595614	0.7714270745629359
0.7849999999999299	-2.1952297746481717	0.7753267754342441	-1.4199029992139276	0.7753267754342441
0.7899999999999293	-2.1966434730122866	0.7767404653002368	-1.41990300771205	0.7767404653002368
0.7949999999999288	-2.1950328449925185	0.7751298412299461	-1.4199030037625726	0.7751298412299461
0.7999999999999282	-2.190736278715591	0.7708333109922348	-1.4199029677233557	0.7708333109922348
0.8049999999999277	-2.184978872382188	0.7650759535786241	-1.419902918803564	0.7650759535786241
0.8099999999999271	-2.179539661771043	0.7596367814862397	-1.4199028802848033	0.7596367814862397
0.8149999999999266	-2.17614510672746	0.756242249892047	-1.4199028568354135	0.756242249892047
0.819999999999926	-2.1758660719719045	0.7559632083141967	-1.4199028636577078	0.7559632083141967
0.8249999999999255	-2.1787578049442344	0.7588549218227292	-1.419902883121505	0.7588549218227292
0.8299999999999249	-2.1838220509956066	0.7639191052616909	-1.4199029457339156	0.7639191052616909
0.8349999999999244	-2.189300636306665	0.7693976244365084	-1.4199030118701566	0.7693976244365084
0.8399999999999238	-2.1932783577978707	0.7733753029155014	-1.4199030548823692	0.7733753029155014
0.8449999999999233	-2.1944187847415817	0.7745157349840016	-1.4199030497575802	0.7745157349840016
0.8499999999999227	-2.192501272796772	0.7725982581061044	-1.4199030146906677	0.7725982581061044
0.8549999999999222	-2.1884633398476705	0.7685603913717294	-1.419902948475941	0.7685603913717294
0.8599999999999216	-2.183921658231787	0.7640187592012434	-1.4199028990305436	0.7640187592012434
0.864999999999921	-2.180444966826168	0.7605420812371478	-1.4199028855890203	0.7605420812371478
0.8699999999999205	-2.1789565271555476	0.7590536519332585	-1.4199028752222889	0.7590536519332585
0.87499999999992	-2.179514684243769	0.759611800387802	-1.4199028838559673	0.759611800387802
0.8799999999999194	-2.1814646251305216	0.7615616784425986	-1.4199029466879227	0.7615616784425986
0.8849999999999189	-2.183800775847747	0.7638978192493304	-1.4199029565984165	0.7638978192493304
0.8899999999999183	-2.1855733615711346	0.7656703588562308	-1.4199030027149036	0.7656703588562308
0.8949999999999178	-2.1861917274774076	0.7662887400221617	-1.419902987455246	0.7662887400221617
0.8999999999999172	-2.185581341252752	0.76567837048793	-1.4199029707648219	0.76567837048793
0.9049999999999166	-2.1841652603881405	0.7642623176952658	-1.4199029426928746	0.7642623176952658
0.9099999999999161	-2.182706625129978	0.762803690161929	-1.419902934968049	0.762803690161929
0.9149999999999155	-2.1821005364380373	0.7621976430005276	-1.41990289343751	0.7621976430005276
0.919999999999915	-2.1831426750696803	0.7632397744801223	-1.419902900589558	0.7632397744801223
0.9249999999999144	-2.186344202168812	0.7664413051881763	-1.4199028969806358	0.7664413051881763
0.9299999999999139	-2.191841098411464	0.7719381995267741	-1.4199028988846896	0.7719381995267741
0.9349999999999133	-2.1994096247474806	0.7795067251451172	-1.4199028996023635	0.7795067251451172
0.9399999999999128	-2.208588688269702	0.7886857754471301	-1.4199029128225717	0.7886857754471301
0.9449999999999122	-2.2188200703160867	0.7989171263032013	-1.4199029440128856	0.7989171263032013
0.9499999999999117	-2.2295241881690013	0.8096212377767188	-1.4199029503922824	0.8096212377767188
0.9549999999999111	-2.24008137981398	0.820178419834692	-1.419902959979288	0.820178419834692
0.9599999999999106	-2.249793572908119	0.829890611168057	-1.4199029617400618	0.829890611168057
0.96499999999991	-2.2578520618249867	0.8379490708931199	-1.4199029909318666	0.8379490708931199
0.9699999999999095	-2.263401310518349	0.8434983028671954	-1.4199030076511536	0.8434983028671954
0.9749999999999089	-2.2656864357496813	0.845783432665715	-1.4199030030839666	0.845783432665715
0.9799999999999084	-2.26424515339188	0.8443421629340854	-1.4199029904577947	0.8443421629340854
0.9849999999999078	-2.2590951760564066	0.839192202177575	-1.4199029738788314	0.839192202177575
0.9899999999999073	-2.250828586349918	0.8309256331227766	-1.4199029532271412	0.8309256331227766
0.9949999999999067	-2.2405831996160694	0.8206802803107407	-1.4199029193053285	0.8206802803107407
0.9999999999999062	-2.2298692430430953	0.809966345320869	-1.4199028977222263	0.809966345320869
1.0049999999999057	-2.2202799464543945	0.8003770947818668	-1.4199028516725278	0.8003770947818668
1.0099999999999052	-2.21316176429633	0.7932589122553586	-1.4199028520409716	0.7932589122553586
1.0149999999999046	-2.209322697483543	0.7894198527159275	-1.4199028447676156	0.7894198527159275
1.019999999999904	-2.2089224375786456	0.7890195748152787	-1.419902862763367	0.7890195748152787
1.0249999999999035	-2.211592342547565	0.7916894777213571	-1.4199028648262078	0.7916894777213571
1.029999999999903	-2.2166904526055875	0.7967875712882353	-1.4199028813173522	0.7967875712882353
1.0349999999999024	-2.223539245432447	0.8036363360594139	-1.419902909373033	0.8036363360594139
1.039999999999902	-2.2315114969223	0.8116085889603057	-1.4199029079619943	0.8116085889603057
1.0449999999999013	-2.2399731714579487	0.8200702607295536	-1.4199029107283951	0.8200702607295536
1.0499999999999008	-2.24822615615126	0.8283232237655572	-1.419902932385703	0.8283232237655572
1.0549999999999002	-2.2555360755685165	0.8356331199735773	-1.4199029555949392	0.8356331199735773
1.0599999999998997	-2.261203708251419	0.8413007321589702	-1.4199029760924486	0.8413007321589702
1.0649999999998991	-2.2646449567845117	0.8447419795929523	-1.4199029771915592	0.8447419795929523
1.0699999999998986	-2.2655167425855183	0.8456137488173713	-1.419902993768147	0.8456137488173713
1.074999999999898	-2.2638620578917004	0.843959082507738	-1.4199029753839625	0.843959082507738
1.0799999999998975	-2.2602136380465923	0.8403106872323423	-1.41990295081425	0.8403106872323423
1.084999999999897	-2.2556039030181996	0.8357010084763148	-1.4199028945418848	0.8357010084763148
1.0899999999998964	-2.2514044475275816	0.8315016003449592	-1.4199028471826223	0.8315016003449592
1.0949999999998958	-2.2490197672449947	0.8291169506665703	-1.4199028165784244	0.8291169506665703
1.0999999999998953	-2.249537387206767	0.8296345848942706	-1.4199028023124964	0.8296345848942706
1.1049999999998947	-2.253420651418049	0.8335178259777475	-1.4199028254403014	0.8335178259777475
1.1099999999998942	-2.2603576230247233	0.8404547917256633	-1.41990283129906	0.8404547917256633
1.1149999999998936	-2.269310815116113	0.8494079388506662	-1.419902876265447	0.8494079388506662
1.119999999999893	-2.278754628700797	0.8588517105710683	-1.4199029181297282	0.8588517105710683
1.1249999999998925	-2.2869959896289056	0.8670930580873799	-1.419902931541526	0.8670930580873799
1.129999999999892	-2.292483601312074	0.8725806197949069	-1.4199029815171673	0.8725806197949069
1.1349999999998914	-2.294024266884209	0.8741212885978891	-1.4199029782863197	0.8741212885978891
1.1399999999998909	-2.2909484195154093	0.8710454232852223	-1.419902996230187	0.8710454232852223
1.1449999999998903	-2.283229132121019	0.8633261371406978	-1.4199029949803212	0.8633261371406978
1.1499999999998898	-2.271601067006554	0.8516981074108944	-1.4199029595956596	0.8516981074108944
1.1549999999998892	-2.2576824306512733	0.8377795448904881	-1.4199028857607852	0.8377795448904881
1.1599999999998887	-2.2439496191315964	0.8240468014853431	-1.4199028176462534	0.8240468014853431
1.1649999999998881	-2.2333164393029192	0.8134136865222351	-1.419902752780684	0.8134136865222351
1.1699999999998876	-2.2282779737858407	0.8083752540590063	-1.4199027197268341	0.8083752540590063
1.174999999999887	-2.229942743460065	0.8100400041220265	-1.4199027393380386	0.8100400041220265
1.1799999999998865	-2.2375491384085606	0.8176463356300342	-1.4199028027785265	0.8176463356300342
1.184999999999886	-2.2487949652596098	0.828892088005309	-1.4199028772543008	0.828892088005309
1.1899999999998854	-2.2607006211463925	0.8407976728576432	-1.4199029482887493	0.8407976728576432
1.1949999999998848	-2.2705153842170045	0.8506123970114292	-1.4199029872055753	0.8506123970114292
1.1999999999998843	-2.2763042947736936	0.8564013201782126	-1.419902974595481	0.8564013201782126
1.2049999999998837	-2.2771079912768313	0.8572050240768663	-1.4199029671999648	0.8572050240768663
1.2099999999998832	-2.272796987739267	0.8528940105015171	-1.4199029772377498	0.8528940105015171
1.2149999999998826	-2.263889145765895	0.8439861853962498	-1.4199029603696454	0.8439861853962498
1.219999999999882	-2.2514272384537013	0.8315243052391252	-1.4199029332145758	0.8315243052391252
1.2249999999998815	-2.2369789803040647	0.8170760887135924	-1.4199028915904721	0.8170760887135924
1.229999999999881	-2.2225661654945443	0.8026633248152877	-1.4199028406792567	0.8026633248152877
1.2349999999998804	-2.2102885964210897	0.7903857839667014	-1.419902812454388	0.7903857839667014
1.2399999999998799	-2.2016666756820604	0.7817638634272874	-1.419902812254773	0.7817638634272874
1.2449999999998793	-2.197137485304096	0.7772346428300103	-1.4199028424740856	0.7772346428300103
1.2499999999998788	-2.196096832257818	0.7761939473488944	-1.419902884908924	0.7761939473488944
1.2549999999998782	-2.1974316758501273	0.7775287680231585	-1.419902907826969	0.7775287680231585
1.2599999999998777	-2.200116447142698	0.7802135204961731	-1.4199029266465248	0.7802135204961731
1.2649999999998771	-2.2035822098669744	0.7836792991517929	-1.4199029107151813	0.7836792991517929
1.2699999999998766	-2.2078524518510547	0.7879495579441275	-1.4199028939069271	0.7879495579441275
1.274999999999876	-2.213421902070901	0.7935190195796106	-1.4199028824912903	0.7935190195796106
1.2799999999998755	-2.2208964766081714	0.8009936123992073	-1.4199028642089637	0.8009936123992073
1.284999999999875	-2.2305226959830278	0.8106198372992172	-1.4199028586838107	0.8106198372992172
1.2899999999998744	-2.2418417362402523	0.8219388529489018	-1.4199028832913507	0.8219388529489018
1.2949999999998738	-2.253693830761792	0.833790908723338	-1.419902922038454	0.833790908723338
1.2999999999998733	-2.26455301274446	0.8446500524393208	-1.419902960305139	0.8446500524393208
1.3049999999998727	-2.2730352109247605	0.8531322002763523	-1.4199030106484083	0.8531322002763523
1.3099999999998722	-2.278331909538656	0.8584289070481802	-1.4199030024904757	0.8584289070481802
1.3149999999998716	-2.280405519885694	0.8605025401459204	-1.4199029797397735	0.8605025401459204
1.319999999999871	-2.279848432979	0.8599454848312393	-1.419902948147761	0.8599454848312393
1.3249999999998705	-2.277471132259288	0.8575681852036129	-1.4199029470556754	0.8575681852036129
1.32999999999987	-2.273835217979752	0.8539322838538039	-1.4199029341259477	0.8539322838538039
1.3349999999998694	-2.2690287288911013	0.8491257860435931	-1.419902942847508	0.8491257860435931
1.3399999999998689	-2.262734525838747	0.8428315397226062	-1.4199029861161403	0.8428315397226062
1.3449999999998683	-2.254492278522135	0.8345892978030041	-1.4199029807191312	0.8345892978030041
1.3499999999998678	-2.2439830155998823	0.8240800300624891	-1.419902985537393	0.8240800300624891
1.3549999999998672	-2.2312192682515235	0.8113162847696271	-1.4199029834818964	0.8113162847696271
1.3599999999998666	-2.216590655228271	0.7966876683042023	-1.4199029869240685	0.7966876683042023
1.364999999999866	-2.2007966822693827	0.7808937157141096	-1.419902966555273	0.7808937157141096
1.3699999999998655	-2.1847056742532653	0.7648027431321457	-1.41990293112112	0.7648027431321457
1.374999999999865	-2.1691891082614783	0.7492861862430513	-1.419902922018427	0.7492861862430513
1.3799999999998644	-2.1549441508903833	0.7350412474312732	-1.4199029034591097	0.7350412474312732
1.384999999999864	-2.1423730095841815	0.722470088983495	-1.4199029206006863	0.722470088983495
1.3899999999998633	-2.1315283027094627	0.711625371053923	-1.4199029316555396	0.711625371053923
1.3949999999998628	-2.122176966810618	0.7022740179198691	-1.4199029488907484	0.7022740179198691
1.3999999999998622	-2.1139829236788885	0.694079995505965	-1.4199029281729236	0.694079995505965
1.4049999999998617	-2.106697867143461	0.6867949397512244	-1.4199029273922366	0.6867949397512244
1.4099999999998611	-2.100288467947985	0.6803855469835998	-1.4199029209643854	0.6803855469835998
1.4149999999998606	-2.0949446073862825	0.67504169194095	-1.4199029154453324	0.67504169194095
1.41999999999986	-2.091009866392504	0.6711069295567605	-1.4199029368357434	0.6711069295567605
1.4249999999998595	-2.088877015569324	0.6689740867243542	-1.4199029288449703	0.6689740867243542
1.429999999999859	-2.0889571627748698	0.6690542575097841	-1.4199029052650856	0.6690542575097841
1.4349999999998584	-2.0916479383423607	0.6717450370365541	-1.4199029013058069	0.6717450370365541
1.4399999999998578	-2.0973196483791914	0.6774167543855717	-1.4199028939936196	0.6774167543855717
1.4449999999998573	-2.1062383803846347	0.6863355434160003	-1.4199028369686346	0.6863355434160003
1.4499999999998567	-2.118428122394987	0.6985252565503752	-1.4199028658446116	0.6985252565503752
1.4549999999998562	-2.1335614588571064	0.7136585617079699	-1.4199028971491368	0.7136585617079699
1.4599999999998556	-2.1509394942649065	0.731036566580493	-1.4199029276844135	0.731036566580493
1.464999999999855	-2.16961105314227	0.7497081038081617	-1.4199029493341084	0.7497081038081617
1.4699999999998545	-2.1885313487591525	0.768628382718528	-1.4199029660406246	0.768628382718528
1.474999999999854	-2.2067027084431765	0.7867997312883297	-1.419902977154847	0.7867997312883297
1.4799999999998534	-2.2232645589120184	0.8033615659632243	-1.4199029929487943	0.8033615659632243
1.4849999999998529	-2.2375429124030735	0.8176399127097875	-1.4199029996932861	0.8176399127097875
1.4899999999998523	-2.2490868608336045	0.8291838418210404	-1.4199030190125637	0.8291838418210404
1.4949999999998518	-2.257680148746927	0.8377771167118176	-1.4199030320351096	0.8377771167118176
1.4999999999998512	-2.26329417232659	0.8433911546359831	-1.419903017690607	0.8433911546359831
1.5049999999998507	-2.266016313122366	0.8461133047957579	-1.419903008326608	0.8461133047957579
1.5099999999998501	-2.265987931274679	0.8460849279971078	-1.4199030032775715	0.8460849279971078
1.5149999999998496	-2.2633670912602066	0.8434641033330592	-1.4199029879271476	0.8434641033330592
1.519999999999849	-2.258337927736598	0.8384349457567989	-1.4199029819797988	0.8384349457567989
1.5249999999998485	-2.251138469649787	0.8312354836994115	-1.4199029859503756	0.8312354836994115
1.529999999999848	-2.2421188542854	0.8222158944042165	-1.4199029598811836	0.8222158944042165
1.5349999999998474	-2.231828008197515	0.8119250654462631	-1.4199029427512517	0.8119250654462631
1.5399999999998468	-2.221139000838858	0.8012361087607617	-1.419902892078096	0.8012361087607617
1.5449999999998463	-2.2113173663277803	0.7914145003767925	-1.4199028659509878	0.7914145003767925
1.5499999999998457	-2.2038388505419975	0.7839360168765266	-1.4199028336654709	0.7839360168765266
1.5549999999998452	-2.1999188879842957	0.7800160662799126	-1.419902821704383	0.7800160662799126
1.5599999999998446	-2.1999845488504035	0.7800817048868095	-1.419902843963594	0.7800817048868095
1.564999999999844	-2.2034771375899056	0.7835742433870911	-1.4199028942028147	0.7835742433870911
1.5699999999998435	-2.20915921552802	0.7892562873620868	-1.419902928165933	0.7892562873620868
1.574999999999843	-2.2156306855404533	0.7957277217687073	-1.419902963771746	0.7957277217687073
1.5799999999998424	-2.2216790460222047	0.8017760555345206	-1.419902990487684	0.8017760555345206
1.5849999999998419	-2.2263457742729815	0.8064427703275727	-1.419903003945409	0.8064427703275727
1.5899999999998413	-2.228890683917568	0.8089876619485387	-1.4199030219690298	0.8089876619485387
1.5949999999998408	-2.228795005676204	0.8088919934723399	-1.419903012203864	0.8088919934723399
1.5999999999998402	-2.225803454494704	0.8059004262740058	-1.4199030282206981	0.8059004262740058
1.6049999999998397	-2.219997895143992	0.8000948817883482	-1.4199030133556443	0.8000948817883482
1.6099999999998391	-2.21186301682645	0.791960015569983	-1.4199030012564668	0.791960015569983
1.6149999999998386	-2.2023464672469113	0.7824435156405797	-1.419902951606332	0.7824435156405797
1.619999999999838	-2.192816045733002	0.7729131318741617	-1.4199029138588402	0.7729131318741617
1.6249999999998375	-2.184728363704123	0.7648254818252807	-1.4199028818788426	0.7648254818252807
1.629999999999837	-2.179043678335652	0.7591407732882122	-1.4199029050474399	0.7591407732882122
1.6349999999998364	-2.1757370723190554	0.7558341334576394	-1.4199029388614162	0.7558341334576394
1.6399999999998358	-2.1739239127836307	0.7540209497847289	-1.419902962998902	0.7540209497847289
1.6449999999998353	-2.1725838783421296	0.7526809137535944	-1.4199029645885353	0.7526809137535944
1.6499999999998347	-2.1712948268895484	0.7513918772689958	-1.4199029496205526	0.7513918772689958
1.6549999999998342	-2.1704609912354376	0.7505580937278425	-1.4199028975075954	0.7505580937278425
1.6599999999998336	-2.171045134007714	0.7511422570596683	-1.4199028769480457	0.7511422570596683
1.664999999999833	-2.1741828615893284	0.7542800113969109	-1.4199028501924176	0.7542800113969109
1.6699999999998325	-2.1808481027218187	0.7609452605169638	-1.4199028422048547	0.7609452605169638
1.674999999999832	-2.1915501075913166	0.7716472732712423	-1.4199028343200746	0.7716472732712423
1.6799999999998314	-2.2060795543546026	0.7861766918950301	-1.4199028624595724	0.7861766918950301
1.6849999999998309	-2.2234583546647246	0.8035554677647555	-1.4199028868999692	0.8035554677647555
1.6899999999998303	-2.2422078673453534	0.8223049204826512	-1.4199029468627022	0.8223049204826512
1.6949999999998298	-2.2607340961763036	0.8408311092777465	-1.419902986898557	0.8408311092777465
1.6999999999998292	-2.277673341086425	0.8577703288772053	-1.41990301220922	0.8577703288772053
1.7049999999998287	-2.2920651696055194	0.8721621529239755	-1.4199030166815438	0.8721621529239755
1.709999999999828	-2.303354991416428	0.8834519731302829	-1.4199030182861452	0.8834519731302829
1.7149999999998276	-2.3112815498935957	0.8913785444869734	-1.4199030054066222	0.8913785444869734
1.719999999999827	-2.3157023604833498	0.8957993621876126	-1.419902998295737	0.8957993621876126
1.7249999999998264	-2.3164547146186636	0.8965516835718209	-1.419903031046843	0.8965516835718209
1.729999999999826	-2.3133978821666306	0.893494850023291	-1.4199030321433395	0.893494850023291
1.7349999999998253	-2.3066848474251844	0.8867818486716523	-1.4199029987535323	0.8867818486716523
1.7399999999998248	-2.297143266675292	0.8772402860618493	-1.4199029806134424	0.8772402860618493
1.7449999999998242	-2.2864972183787375	0.8665943284218939	-1.4199028899568436	0.8665943284218939
1.7499999999998237	-2.2771513231553855	0.8572484873177474	-1.4199028358376382	0.8572484873177474
1.7549999999998231	-2.2714537889648754	0.8515509869537179	-1.4199028020111575	0.8515509869537179
1.7599999999998226	-2.270804810082913	0.8509020309265608	-1.4199027791563517	0.8509020309265608
1.764999999999822	-2.2751384280270255	0.8552356304131034	-1.4199027976139222	0.8552356304131034
1.7699999999998215	-2.283026960953555	0.8631241101959314	-1.4199028507576237	0.8631241101959314
1.774999999999821	-2.2922398596161617	0.8723369361607759	-1.419902923455386	0.8723369361607759
1.7799999999998204	-2.3004399761540326	0.8805369967818956	-1.4199029793721367	0.8805369967818956
1.7849999999998198	-2.305749661473072	0.8858466684901773	-1.4199029929828944	0.8858466684901773
1.7899999999998193	-2.3070739360021353	0.8871709520972921	-1.4199029839048434	0.8871709520972921
1.7949999999998187	-2.304194860352939	0.8842918984552894	-1.41990296189765	0.8842918984552894
1.7999999999998182	-2.297717959412351	0.8778150262501947	-1.4199029331621562	0.8778150262501947
1.8049999999998176	-2.288854508749593	0.8689516029026584	-1.4199029058469348	0.8689516029026584
1.809999999999817	-2.2790551342591994	0.8591522573109107	-1.4199028769482884	0.8591522573109107
1.8149999999998165	-2.26958909840653	0.8496862442048355	-1.419902854201694	0.8496862442048355
1.819999999999816	-2.2612877505534548	0.8413848921153024	-1.4199028584381523	0.8413848921153024
1.8249999999998154	-2.2545894914666125	0.8346866502867292	-1.4199028411798835	0.8346866502867292
1.8299999999998149	-2.249756066536998	0.8298532120441519	-1.419902854492846	0.8298532120441519
1.8349999999998143	-2.247006077247754	0.8271032163594733	-1.4199028608882804	0.8271032163594733
1.8399999999998138	-2.2464424951603053	0.8265396254515466	-1.4199028697087588	0.8265396254515466
1.8449999999998132	-2.2479487719532565	0.8280459063644645	-1.419902865588792	0.8280459063644645
1.8499999999998127	-2.2511956165235376	0.8312927503928084	-1.4199028661307296	0.8312927503928084
1.8549999999998121	-2.25572560728655	0.8358227204567481	-1.4199028868298018	0.8358227204567481
1.8599999999998116	-2.2610475484649566	0.841144650476807	-1.4199028979881496	0.841144650476807
1.864999999999811	-2.2666333886366052	0.8467304921675458	-1.4199028964690594	0.8467304921675458
1.8699999999998105	-2.2718826908431144	0.8519797870269789	-1.4199029038161353	0.8519797870269789
1.87499999999981	-2.276115754291711	0.856212850149788	-1.419902904141923	0.856212850149788
1.8799999999998094	-2.2786593443777603	0.8587564218045618	-1.4199029225731987	0.8587564218045618
1.8849999999998088	-2.278977601881363	0.859074658136671	-1.4199029437446915	0.859074658136671
1.8899999999998083	-2.276813949648045	0.8569110074290434	-1.419902942219001	0.8569110074290434
1.8949999999998077	-2.2722792165763903	0.8523762865012087	-1.4199029300751818	0.8523762865012087
1.8999999999998072	-2.265859585170727	0.845956677007877	-1.4199029081628498	0.845956677007877
1.9049999999998066	-2.2583361145747904	0.8384332122312551	-1.4199029023435352	0.8384332122312551
1.909999999999806	-2.250606639320126	0.8307037591580282	-1.4199028801620976	0.8307037591580282
1.9149999999998055	-2.243442115401281	0.8235392331224923	-1.4199028822787887	0.8235392331224923
1.919999999999805	-2.237271527905514	0.8173686643774797	-1.4199028635280342	0.8173686643774797
1.9249999999998044	-2.2321071535551753	0.812204289415271	-1.4199028641399045	0.812204289415271
1.9299999999998039	-2.2276207453820986	0.8077178700895843	-1.4199028752925142	0.8077178700895843
1.9349999999998033	-2.2233875596831685	0.8034846763380572	-1.4199028833451108	0.8034846763380572
1.9399999999998028	-2.21911586452184	0.7992129626732151	-1.4199029018486247	0.7992129626732151
1.9449999999998022	-2.2148084142166087	0.7949055143706338	-1.419902899845975	0.7949055143706338
1.9499999999998017	-2.2108620685935647	0.7909591762352826	-1.4199028923582824	0.7909591762352826
1.9549999999998011	-2.2081385785000607	0.7882357062791702	-1.4199028722208902	0.7882357062791702
1.9599999999998006	-2.2078989569853396	0.7879961314067141	-1.4199028255786255	0.7879961314067141
1.9649999999998	-2.211427101323301	0.7915243101270623	-1.419902791196239	0.7915243101270623
1.9699999999997995	-2.2194167530483653	0.7995139292805057	-1.4199028237678595	0.7995139292805057
1.974999999999799	-2.2315294582319662	0.8116265997789226	-1.4199028584530435	0.8116265997789226
1.9799999999997984	-2.246532986827071	0.8266300896008881	-1.419902897226183	0.8266300896008881
1.9849999999997978	-2.262901573338923	0.8429986418236806	-1.4199029315152425	0.8429986418236806
1.9899999999997973	-2.279346629564303	0.8594436879800004	-1.4199029415843023	0.8594436879800004
1.9949999999997967	-2.2949805657405777	0.8750776315056055	-1.4199029342349723	0.8750776315056055
1.9999999999997962	-2.3092022823722553	0.8892993620799754	-1.41990292029228	0.8892993620799754
2.0049999999998067	-2.321552809867883	0.9016498746196345	-1.4199029352482484	0.9016498746196345
2.0099999999998173	-2.331689344284545	0.9117864094494169	-1.4199029348351282	0.9117864094494169
2.014999999999828	-2.339470153652384	0.919567257047501	-1.4199028966048832	0.919567257047501
2.0199999999998384	-2.345022374880099	0.9251194875411481	-1.4199028873389512	0.9251194875411481
2.024999999999849	-2.3487616635098045	0.9288587949803335	-1.4199028685294712	0.9288587949803335
2.0299999999998595	-2.351304800767801	0.9314019459355443	-1.4199028548322565	0.9314019459355443
2.03499999999987	-2.3532674245688536	0.933364582710133	-1.4199028418587207	0.933364582710133
2.0399999999998806	-2.3550667959986646	0.9351639501978124	-1.4199028458008522	0.9351639501978124
2.044999999999891	-2.356748714449946	0.9368458565225388	-1.419902857927407	0.9368458565225388
2.0499999999999017	-2.357922856520386	0.938019957965865	-1.419902898554521	0.938019957965865
2.0549999999999122	-2.357829348077775	0.9379264296318106	-1.4199029184459642	0.9379264296318106
2.059999999999923	-2.3555267703161546	0.9356238195606419	-1.4199029507555128	0.9356238195606419
2.0649999999999333	-2.350149495095918	0.9302465295565129	-1.4199029655394049	0.9302465295565129
2.069999999999944	-2.3411689754271765	0.9212660079654447	-1.4199029674617318	0.9212660079654447
2.0749999999999544	-2.3286010912628554	0.9086981417071186	-1.4199029495557367	0.9086981417071186
2.079999999999965	-2.3131016062330265	0.893198677793363	-1.4199029284396634	0.893198677793363
2.0849999999999755	-2.2958779997285794	0.8759751076881553	-1.419902892040424	0.8759751076881553
2.089999999999986	-2.2785039856543055	0.8586011283841419	-1.4199028572701633	0.8586011283841419
2.0949999999999966	-2.2627141136666564	0.8428113115853223	-1.4199028020813342	0.8428113115853223
2.100000000000007	-2.2503064615217663	0.830403705310545	-1.4199027562112212	0.830403705310545
2.1050000000000177	-2.243103006424335	0.8232002682597487	-1.4199027381645863	0.8232002682597487
2.1100000000000283	-2.2426626045841185	0.8227598791540719	-1.4199027254300467	0.8227598791540719
2.115000000000039	-2.2496672009841556	0.8297644574075218	-1.419902743576634	0.8297644574075218
2.1200000000000494	-2.26334242807013	0.8434396271649857	-1.4199028009051446	0.8434396271649857
2.12500000000006	-2.281555473007094	0.8616526098029509	-1.4199028632041426	0.8616526098029509
2.1300000000000705	-2.301582237187819	0.88167932124003	-1.4199029159477892	0.88167932124003
2.135000000000081	-2.320934209844122	0.9010312336323685	-1.4199029762117532	0.9010312336323685
2.1400000000000916	-2.3377462451107482	0.9178432359650546	-1.4199030091456937	0.9178432359650546
2.145000000000102	-2.350780325561693	0.9308772907534408	-1.4199030348082522	0.9308772907534408
2.1500000000001127	-2.3593104024156237	0.9394073683744346	-1.419903034041189	0.9394073683744346
2.1550000000001233	-2.363091324570286	0.9431882862696469	-1.4199030383006395	0.9431882862696469
2.160000000000134	-2.3624046567003254	0.9425016137264965	-1.4199030429738286	0.9425016137264965
2.1650000000001444	-2.3580881648565555	0.9381851661115305	-1.4199029987450251	0.9381851661115305
2.170000000000155	-2.351493399186466	0.9315904757016032	-1.4199029234848632	0.9315904757016032
2.1750000000001655	-2.3442616750517966	0.9243587971420015	-1.4199028779097953	0.9243587971420015
2.180000000000176	-2.337943683394322	0.9180408224065778	-1.4199028609877442	0.9180408224065778
2.1850000000001866	-2.333563913058457	0.9136610586319199	-1.4199028544265375	0.9136610586319199
2.190000000000197	-2.331310320857119	0.911407459325156	-1.4199028615319629	0.911407459325156
2.1950000000002077	-2.3305472091236314	0.9106443139249467	-1.4199028951986847	0.9106443139249467
2.2000000000002182	-2.3301519943189097	0.9102490738083518	-1.419902920510558	0.9102490738083518
2.2050000000002288	-2.328986653514234	0.9090837109517284	-1.4199029425625054	0.9090837109517284
2.2100000000002393	-2.3262833605205633	0.9063803981354926	-1.4199029623850703	0.9063803981354926
2.21500000000025	-2.3217990720455584	0.9018961196588521	-1.4199029523867062	0.9018961196588521
2.2200000000002604	-2.3157503534232444	0.8958474221534797	-1.4199029312697646	0.8958474221534797
2.225000000000271	-2.308605068976392	0.8887021358507529	-1.419902933125639	0.8887021358507529
2.2300000000002815	-2.3008191853669855	0.8809162417208359	-1.4199029436461494	0.8809162417208359
2.235000000000292	-2.2926445576219208	0.8727416252140924	-1.4199029324078285	0.8727416252140924
2.2400000000003026	-2.2840687599543137	0.8641658161165858	-1.4199029438377277	0.8641658161165858
2.245000000000313	-2.2748797487634986	0.8549768097007677	-1.419902939062731	0.8549768097007677
2.2500000000003237	-2.2648164418155874	0.8449134771400191	-1.419902964675568	0.8449134771400191
2.2550000000003343	-2.2537793157929307	0.8338763390543725	-1.4199029767385583	0.8338763390543725
2.260000000000345	-2.242050642999307	0.8221476793852983	-1.4199029636140086	0.8221476793852983
2.2650000000003554	-2.230449351603346	0.8105464094357796	-1.4199029421675666	0.8105464094357796
2.270000000000366	-2.2202672197796343	0.8003643066260139	-1.4199029131536205	0.8003643066260139
2.2750000000003765	-2.212980612945053	0.793077722685886	-1.419902890259167	0.793077722685886
2.280000000000387	-2.209848476602032	0.7899456146379787	-1.4199028619640535	0.7899456146379787
2.2850000000003976	-2.2116723160769625	0.7917694672416539	-1.4199028488353087	0.7917694672416539
2.290000000000408	-2.2188378161974636	0.7989349518750593	-1.4199028643224043	0.7989349518750593
2.2950000000004187	-2.2313289805213454	0.8114260872186592	-1.4199028933026865	0.8114260872186592
2.3000000000004293	-2.2483966021480666	0.8284936584273672	-1.4199029437206994	0.8284936584273672
2.30500000000044	-2.268063583710573	0.8481605700242345	-1.4199030136863389	0.8481605700242345
2.3100000000004504	-2.287195777484441	0.8672926733352233	-1.4199031041492176	0.8672926733352233
2.315000000000461	-2.3023254527129087	0.8824223046281062	-1.4199031480848023	0.8824223046281062
2.3200000000004715	-2.310701922602392	0.8907987343379051	-1.4199031882644872	0.8907987343379051
2.325000000000482	-2.3109721106806216	0.8910689389599951	-1.4199031717206265	0.8910689389599951
2.3300000000004926	-2.303337680043191	0.883434579037847	-1.4199031010053442	0.883434579037847
2.335000000000503	-2.289335039416252	0.8694319972458733	-1.4199030421703787	0.8694319972458733
2.3400000000005137	-2.2714279651191407	0.8515250140778835	-1.4199029510412573	0.8515250140778835
2.345000000000524	-2.2525220797486445	0.8326192178639783	-1.4199028618846663	0.8326192178639783
2.3500000000005348	-2.2354265096589545	0.815523716582738	-1.4199027930762163	0.815523716582738
2.3550000000005453	-2.2224129114425732	0.8025101493097427	-1.4199027621328304	0.8025101493097427
2.360000000000556	-2.2149022086225436	0.7949994501974951	-1.4199027584250488	0.7949994501974951
2.3650000000005664	-2.21330974639739	0.7934069778992288	-1.4199027684981609	0.7934069778992288
2.370000000000577	-2.217049051834343	0.7971462450830766	-1.419902806751266	0.7971462450830766
2.3750000000005875	-2.2247046863518953	0.8048018351502272	-1.4199028512016685	0.8048018351502272
2.380000000000598	-2.234347584008848	0.8144447032820975	-1.4199028807267504	0.8144447032820975
2.3850000000006086	-2.2438916568699288	0.823988726965121	-1.4199029299048078	0.823988726965121
2.390000000000619	-2.25140436216553	0.8315013817881984	-1.4199029803773313	0.8315013817881984
2.3950000000006297	-2.2553832950673525	0.8354802913700422	-1.4199030036973104	0.8354802913700422
2.4000000000006403	-2.254999015533282	0.8350960270377255	-1.4199029884955565	0.8350960270377255
2.405000000000651	-2.2503175745332284	0.8304146207391928	-1.4199029537940355	0.8304146207391928
2.4100000000006614	-2.2423779662178176	0.8224750730485826	-1.4199028931692348	0.8224750730485826
2.415000000000672	-2.2329734859017463	0.8130706516458274	-1.4199028342559188	0.8130706516458274
2.4200000000006825	-2.224089317387302	0.8041865286191578	-1.4199027887681444	0.8041865286191578
2.425000000000693	-2.2172374232252428	0.7973346523394865	-1.4199027708857563	0.7973346523394865
2.4300000000007036	-2.213086125815414	0.7931833587703789	-1.419902767045035	0.7931833587703789
2.435000000000714	-2.2115687140113214	0.7916659385573845	-1.419902775453937	0.7916659385573845
2.4400000000007247	-2.2122752113383597	0.7923724167247045	-1.4199027946136553	0.7923724167247045
2.4450000000007353	-2.2147814968880954	0.7948786957221067	-1.419902801165989	0.7948786957221067
2.450000000000746	-2.2187880920112746	0.7988853130633562	-1.4199027789479186	0.7988853130633562
2.4550000000007564	-2.2240896186169636	0.8041868214688336	-1.41990279714813	0.8041868214688336
2.460000000000767	-2.2304764652137368	0.8105736869325214	-1.4199027782812152	0.8105736869325214
2.4650000000007775	-2.2376526656628193	0.8177498838864924	-1.4199027817763268	0.8177498838864924
2.470000000000788	-2.245213333512895	0.8253105594932735	-1.419902774019622	0.8253105594932735
2.4750000000007986	-2.2527009356585608	0.8327981539536001	-1.4199027817049608	0.8327981539536001
2.480000000000809	-2.2596829954280735	0.8397802174739943	-1.4199027779540792	0.8397802174739943
2.4850000000008197	-2.2657893696159253	0.8458865757627236	-1.4199027938532018	0.8458865757627236
2.49000000000083	-2.270658314480299	0.8507555026359658	-1.4199028118443335	0.8507555026359658
2.4950000000008408	-2.2738359668714967	0.8539331465955645	-1.419902820275932	0.8539331465955645
2.5000000000008513	-2.274757728298738	0.8548548903636182	-1.41990283793512	0.8548548903636182
2.505000000000862	-2.2728636422751025	0.8529607823926197	-1.4199028598824828	0.8529607823926197
2.5100000000008724	-2.2678054113205226	0.8479025469928323	-1.4199028643276903	0.8479025469928323
2.515000000000883	-2.259653026396503	0.8397501680231314	-1.4199028583733713	0.8397501680231314
2.5200000000008935	-2.2489722195285147	0.8290693959223087	-1.419902823606206	0.8290693959223087
2.525000000000904	-2.236702420144982	0.8167996204644028	-1.4199027996805795	0.8167996204644028
2.5300000000009146	-2.223872108825105	0.8039693212668343	-1.4199027875582708	0.8039693212668343
2.535000000000925	-2.2112927984832713	0.7913899984985183	-1.4199027999847533	0.7913899984985183
2.5400000000009357	-2.1993940219211807	0.7794912274687011	-1.4199027944524796	0.7794912274687011
2.5450000000009463	-2.1882326951834212	0.7683299067426872	-1.4199027884407338	0.7683299067426872
2.550000000000957	-2.1776565836972264	0.7577537771147642	-1.4199028065824622	0.7577537771147642
2.5550000000009674	-2.167477735274662	0.7475749255847335	-1.4199028096899287	0.7475749255847335
2.560000000000978	-2.1575779287611287	0.7376751162046982	-1.4199028125564304	0.7376751162046982
2.5650000000009885	-2.148007622684054	0.7281048143786768	-1.419902808305377	0.7281048143786768
2.570000000000999	-2.1391532534672533	0.7192504761058842	-1.419902777361369	0.7192504761058842
2.5750000000010096	-2.1319583949369707	0.7120556545297034	-1.4199027404072673	0.7120556545297034
2.58000000000102	-2.1279324692790738	0.7080297676659613	-1.4199027016131123	0.7080297676659613
2.5850000000010307	-2.1286634849174018	0.7087608050804092	-1.4199026798369925	0.7087608050804092
2.5900000000010412	-2.134886487081112	0.7149837818912456	-1.4199027051898667	0.7149837818912456
2.595000000001052	-2.145818559774948	0.7259157926034752	-1.4199027671714728	0.7259157926034752
2.6000000000010624	-2.1594089597429997	0.7395061420844975	-1.4199028176585022	0.7395061420844975
2.605000000001073	-2.1733229412326325	0.7534200689663435	-1.4199028722662888	0.7534200689663435
2.6100000000010835	-2.1857977885507567	0.7658948970138976	-1.4199028915368592	0.7658948970138976
2.615000000001094	-2.1958503273310237	0.7759474403219435	-1.4199028870090802	0.7759474403219435
2.6200000000011046	-2.2029764228455684	0.7830735226029419	-1.4199029002426267	0.7830735226029419
2.625000000001115	-2.2067364326585714	0.7868335159618751	-1.4199029166966965	0.7868335159618751
2.6300000000011257	-2.2065162127046563	0.7866132759185074	-1.4199029367861487	0.7866132759185074
2.635000000001136	-2.201559781468321	0.7816568315505394	-1.4199029499177818	0.7816568315505394
2.6400000000011468	-2.191203720032292	0.7713007643441498	-1.419902955688142	0.7713007643441498
2.6450000000011573	-2.1752355225951385	0.7553325732287225	-1.419902949366416	0.7553325732287225
2.650000000001168	-2.154259357118009	0.7343564532252281	-1.419902903892781	0.7343564532252281
2.6550000000011784	-2.129999295295738	0.7100964617526838	-1.4199028335430537	0.7100964617526838
2.660000000001189	-2.105355425856771	0.6854526928139674	-1.4199027330428038	0.6854526928139674
2.6650000000011995	-2.0840156032960504	0.6641129625384307	-1.4199026407576196	0.6641129625384307
2.67000000000121	-2.0695594218975986	0.6496568453459683	-1.4199025765516302	0.6496568453459683
2.6750000000012206	-2.0643851724351	0.6444826027172749	-1.4199025697178251	0.6444826027172749
2.680000000001231	-2.0690466927751503	0.649144110474997	-1.4199025823001534	0.649144110474997
2.6850000000012417	-2.0823525184226854	0.6624498644031411	-1.4199026540195445	0.6624498644031411
2.6900000000012523	-2.102059491672394	0.6821567714659755	-1.4199027202064187	0.6821567714659755
2.695000000001263	-2.1256136730142017	0.7057109087503045	-1.419902764263897	0.7057109087503045
2.7000000000012734	-2.150562802322454	0.7306599840338427	-1.4199028182886115	0.7306599840338427
2.705000000001284	-2.174650485400559	0.7547476193704361	-1.419902866030123	0.7547476193704361
2.7100000000012945	-2.1958368075577277	0.7759338836502643	-1.4199029239074634	0.7759338836502643
2.715000000001305	-2.2124316223184093	0.7925286682451772	-1.419902954073232	0.7925286682451772
2.7200000000013156	-2.2233357047636084	0.8034327611413472	-1.419902943622261	0.8034327611413472
2.725000000001326	-2.228223781679338	0.8083208580407981	-1.4199029236385396	0.8083208580407981
2.7300000000013367	-2.2275491767388913	0.8076462711854164	-1.4199029055534749	0.8076462711854164
2.7350000000013472	-2.2223531816860773	0.8024503077989897	-1.4199028738870876	0.8024503077989897
2.740000000001358	-2.214051808942089	0.7941489988158985	-1.4199028101261906	0.7941489988158985
2.7450000000013683	-2.204236374716194	0.7843336165944663	-1.4199027581217274	0.7843336165944663
2.750000000001379	-2.1945385458455546	0.7746358226013281	-1.4199027232442263	0.7746358226013281
2.7550000000013894	-2.1865103609354084	0.7666076695413335	-1.419902691394075	0.7666076695413335
2.7600000000014	-2.181494983590251	0.7615923327545302	-1.4199026508357206	0.7615923327545302
2.7650000000014106	-2.180457429599325	0.7605548073920123	-1.4199026222073128	0.7605548073920123
2.770000000001421	-2.1837770146089865	0.7638743826306448	-1.4199026319783417	0.7638743826306448
2.7750000000014317	-2.1910919632620316	0.7711893089242012	-1.4199026543378301	0.7711893089242012
2.780000000001442	-2.201296409309197	0.7813937217201573	-1.4199026875890397	0.7813937217201573
2.7850000000014528	-2.212743043064251	0.7928403366547799	-1.4199027064094714	0.7928403366547799
2.7900000000014633	-2.2236067595711817	0.8037040232009492	-1.4199027363702321	0.8037040232009492
2.795000000001474	-2.2322968128058673	0.8123940285889336	-1.4199027842169338	0.8123940285889336
2.8000000000014844	-2.2377940649125185	0.8178913136893449	-1.4199027512231737	0.8178913136893449
2.805000000001495	-2.23981556315853	0.8199128272271906	-1.4199027359313396	0.8199128272271906
2.8100000000015055	-2.2388282122299974	0.8189254960273487	-1.4199027162026487	0.8189254960273487
2.815000000001516	-2.235912713716235	0.8160100384524845	-1.4199026752637502	0.8160100384524845
2.8200000000015266	-2.232498901004855	0.8125962625613447	-1.4199026384435103	0.8125962625613447
2.825000000001537	-2.2300132728565494	0.810110660370949	-1.4199026124856005	0.810110660370949
2.8300000000015477	-2.2294936164878085	0.8095909980590248	-1.419902618428784	0.8095909980590248
2.8350000000015583	-2.231296610043227	0.8113939568719133	-1.4199026531713137	0.8113939568719133
2.840000000001569	-2.2350153947452425	0.815112710828583	-1.4199026839166595	0.815112710828583
2.8450000000015794	-2.239678625631607	0.8197759243350976	-1.4199027012965095	0.8197759243350976
2.85000000000159	-2.2441631167304954	0.8242603888368564	-1.419902727893639	0.8242603888368564
2.8550000000016005	-2.2476229620339745	0.827720222735664	-1.4199027392983106	0.827720222735664
2.860000000001611	-2.24976384193769	0.829861102435414	-1.419902739502276	0.829861102435414
2.8650000000016216	-2.2508588420254063	0.830956126590655	-1.4199027154347512	0.830956126590655
2.870000000001632	-2.251465871870779	0.8315631551324213	-1.419902716738358	0.8315631551324213
2.8750000000016427	-2.252012865604787	0.8321101645518766	-1.4199027010529104	0.8321101645518766
2.8800000000016532	-2.252493183311845	0.8325904771687844	-1.4199027061430605	0.8325904771687844
2.885000000001664	-2.252470573805245	0.8325678548693846	-1.41990271893586	0.8325678548693846
2.8900000000016743	-2.2513300256314603	0.8314273026268308	-1.4199027230046295	0.8314273026268308
2.895000000001685	-2.248638800019504	0.8287360700308795	-1.4199027299886244	0.8287360700308795
2.9000000000016954	-2.2444162728259185	0.8245135614150668	-1.4199027114108516	0.8245135614150668
2.905000000001706	-2.2392616961719427	0.8193590025656554	-1.4199026936062875	0.8193590025656554
2.9100000000017165	-2.2343396033576273	0.8144369830915899	-1.4199026202660376	0.8144369830915899
2.915000000001727	-2.231222180210217	0.8113196259643073	-1.4199025542459094	0.8113196259643073
2.9200000000017377	-2.231564640230995	0.8116620995380387	-1.4199025406929562	0.8116620995380387
2.925000000001748	-2.2365735170595915	0.8166709790010401	-1.4199025380585513	0.8166709790010401
2.9300000000017588	-2.2464003957807357	0.8264978444720004	-1.4199025513087355	0.8264978444720004
2.9350000000017693	-2.2598050745481433	0.8399024533588699	-1.4199026211892731	0.8399024533588699
2.94000000000178	-2.2743890554624575	0.8544863530453612	-1.419902702417096	0.8544863530453612
2.9450000000017904	-2.287385464566083	0.8674827098062182	-1.4199027547598644	0.8674827098062182
2.950000000001801	-2.296547021886951	0.8766442431579824	-1.4199027787289686	0.8766442431579824
2.9550000000018115	-2.3007332954038073	0.8808305042139749	-1.419902791189832	0.8808305042139749
2.960000000001822	-2.3000433060920407	0.8801405525773508	-1.41990275351469	0.8801405525773508
2.9650000000018326	-2.295549205627562	0.8756464952229338	-1.419902710404628	0.8756464952229338
2.970000000001843	-2.2888065477624373	0.868903869164996	-1.4199026785974411	0.868903869164996
2.9750000000018537	-2.281283609045351	0.861380959999979	-1.419902649045372	0.861380959999979
2.9800000000018643	-2.273917161153011	0.8540145206502642	-1.4199026405027468	0.8540145206502642
2.985000000001875	-2.2669852239824215	0.8470825793857537	-1.4199026445966678	0.8470825793857537
2.9900000000018854	-2.2602789409892483	0.8403762853390637	-1.4199026556501846	0.8403762853390637
2.995000000001896	-2.2534870564054157	0.8335843973299655	-1.4199026590754502	0.8335843973299655
3.0000000000019065	-2.246503674975784	0.8266010058805654	-1.4199026690952186	0.8266010058805654
3.005000000001917	-2.2395435325305475	0.819640877290836	-1.4199026552397118	0.819640877290836
3.0100000000019276	-2.233089491800454	0.8131868394685732	-1.4199026523318805	0.8131868394685732
3.015000000001938	-2.2277905885676574	0.8078879530591278	-1.4199026355085298	0.8078879530591278
3.0200000000019487	-2.224401651646861	0.8044990255578126	-1.4199026260890486	0.8044990255578126
3.0250000000019592	-2.2237197054924063	0.8038171015164809	-1.4199026039759255	0.8038171015164809
3.03000000000197	-2.2263590464554275	0.8064564167008689	-1.4199026297545587	0.8064564167008689
3.0350000000019803	-2.232370499453993	0.8124678514088697	-1.4199026480451231	0.8124678514088697
3.040000000001991	-2.2409371809638934	0.8210345038749898	-1.4199026770889034	0.8210345038749898
3.0450000000020014	-2.250449350127141	0.830546627991857	-1.4199027221352845	0.830546627991857
3.050000000002012	-2.2589514266037156	0.8390486809365107	-1.4199027456672046	0.8390486809365107
3.0550000000020225	-2.264688254284546	0.8447854764377779	-1.4199027778467683	0.8447854764377779
3.060000000002033	-2.266479485308399	0.8465766901676506	-1.4199027951407484	0.8465766901676506
3.0650000000020436	-2.2638710911406137	0.8439682930508533	-1.4199027980897603	0.8439682930508533
3.070000000002054	-2.2571170548061907	0.8372142538285459	-1.4199028009776447	0.8372142538285459
3.0750000000020647	-2.2470848977423135	0.8271821301011237	-1.4199027676411895	0.8271821301011237
3.0800000000020753	-2.235096813088008	0.8151940850846771	-1.4199027280033312	0.8151940850846771
3.085000000002086	-2.222739806941266	0.8028371014022895	-1.4199027055389766	0.8028371014022895
3.0900000000020964	-2.211658939582806	0.791756280140132	-1.4199026594426742	0.791756280140132
3.095000000002107	-2.2033415235334353	0.7834388994713813	-1.419902624062054	0.7834388994713813
3.1000000000021175	-2.198920352964086	0.7790177068560942	-1.4199026461079918	0.7790177068560942
3.105000000002128	-2.1989727621030584	0.7790701085066013	-1.4199026535964572	0.7790701085066013
3.1100000000021386	-2.2033728549450036	0.7834701655156128	-1.4199026894293905	0.7834701655156128
3.115000000002149	-2.211263501723111	0.7913607757477175	-1.4199027259753934	0.7913607757477175
3.1200000000021597	-2.2212249838721725	0.8013222107387342	-1.4199027731334382	0.8013222107387342
3.1250000000021703	-2.2315795708326833	0.8116767428531487	-1.4199028279795345	0.8116767428531487
3.130000000002181	-2.2407485998234598	0.8208457397494061	-1.4199028600740535	0.8208457397494061
3.1350000000021914	-2.247515569197701	0.8276126897274871	-1.4199028794702138	0.8276126897274871
3.140000000002202	-2.2512050586886696	0.8313021683362648	-1.419902890352405	0.8313021683362648
3.1450000000022125	-2.251756104283002	0.8318532374829615	-1.4199028668000404	0.8318532374829615
3.150000000002223	-2.2497157672103953	0.8298129264798162	-1.4199028407305792	0.8298129264798162
3.1550000000022336	-2.246130796328787	0.8262280030816644	-1.4199027932471222	0.8262280030816644
3.160000000002244	-2.242344709874844	0.822441945987211	-1.4199027638876331	0.822441945987211
3.1650000000022547	-2.2396802117037367	0.8197774405243726	-1.4199027711793641	0.8197774405243726
3.1700000000022652	-2.2391291266361186	0.8192263764704887	-1.4199027501656298	0.8192263764704887
3.175000000002276	-2.2411317514727562	0.8212290170170908	-1.4199027344556654	0.8212290170170908
3.1800000000022863	-2.2455179525273175	0.8256152018069494	-1.419902750720368	0.8256152018069494
3.185000000002297	-2.251588749452801	0.8316859796370344	-1.4199027698157667	0.8316859796370344
3.1900000000023074	-2.258287177934701	0.8383843883649171	-1.4199027895697838	0.8383843883649171
3.195000000002318	-2.2643557235264664	0.8444528973899118	-1.419902826136555	0.8444528973899118
3.2000000000023285	-2.2684863603484064	0.848583493184894	-1.4199028671635125	0.848583493184894
3.205000000002339	-2.269487781483529	0.8495848847239875	-1.4199028967595413	0.8495848847239875
3.2100000000023496	-2.2665354036971106	0.8466324878959195	-1.419902915801191	0.8466324878959195
3.21500000000236	-2.2594915959755797	0.8395887031031479	-1.4199028928724318	0.8395887031031479
3.2200000000023707	-2.2491543092758355	0.8292514639858856	-1.41990284528995	0.8292514639858856
3.2250000000023813	-2.237252254338147	0.8173494829400129	-1.4199027713981338	0.8173494829400129
3.230000000002392	-2.22609126197175	0.8061885608516783	-1.4199027011200716	0.8061885608516783
3.2350000000024024	-2.2179157924991846	0.7980131426945897	-1.419902649804595	0.7980131426945897
3.240000000002413	-2.2142106070908216	0.7943079910951926	-1.419902615995629	0.7943079910951926
3.2450000000024235	-2.2152924124456503	0.7953897851814123	-1.4199026272642379	0.7953897851814123
3.250000000002434	-2.220336651196143	0.800433983522739	-1.419902667673404	0.800433983522739
3.2550000000024446	-2.2277876964399725	0.8078849842782426	-1.41990271216173	0.8078849842782426
3.260000000002455	-2.2358809596520364	0.8159782217351415	-1.4199027379168951	0.8159782217351415
3.2650000000024657	-2.243081864362237	0.8231790922963405	-1.4199027720658963	0.8231790922963405
3.2700000000024763	-2.2483784886720968	0.8284757211319274	-1.4199027675401692	0.8284757211319274
3.275000000002487	-2.251413308768318	0.8315105308401217	-1.419902777928196	0.8315105308401217
3.2800000000024974	-2.2524837883716904	0.8325810445006029	-1.4199027438710874	0.8325810445006029
3.285000000002508	-2.252420661349201	0.8325179514097769	-1.4199027099394244	0.8325179514097769
3.2900000000025185	-2.252358021770242	0.8324553598853623	-1.41990266188488	0.8324553598853623
3.295000000002529	-2.2534107767700235	0.8335081345855582	-1.4199026421844652	0.8335081345855582
3.3000000000025396	-2.2562800622444494	0.8363774428250399	-1.4199026194194095	0.8363774428250399
3.30500000000255	-2.2609226839094783	0.8410200548107276	-1.4199026290987506	0.8410200548107276
3.3100000000025607	-2.26642635040413	0.8465236967472549	-1.4199026536568755	0.8465236967472549
3.3150000000025712	-2.271233691207257	0.8513309956847449	-1.4199026955225116	0.8513309956847449
3.3200000000025818	-2.273599682218405	0.8536969585384354	-1.419902723679969	0.8536969585384354
3.3250000000025923	-2.272128950181612	0.8522262225775933	-1.419902727604019	0.8522262225775933
3.330000000002603	-2.266178570925131	0.8462758574480767	-1.4199027134770545	0.8462758574480767
3.3350000000026134	-2.2560625226397506	0.8361598360100955	-1.4199026866296556	0.8361598360100955
3.340000000002624	-2.242996465527032	0.8230938228815764	-1.4199026426454555	0.8230938228815764
3.3450000000026345	-2.228837160897591	0.8089345842451039	-1.419902576652487	0.8089345842451039
3.350000000002645	-2.2156619056813254	0.7957593607734743	-1.419902544907851	0.7957593607734743
3.3550000000026556	-2.2053200332104828	0.7854175392787393	-1.4199024939317433	0.7854175392787393
3.360000000002666	-2.1991288914269	0.7792264204854831	-1.4199024709414167	0.7792264204854831
3.3650000000026767	-2.197782718081196	0.7778802471538097	-1.4199024709273862	0.7778802471538097
3.3700000000026873	-2.2014583814713897	0.7815558928769443	-1.4199024885944456	0.7815558928769443
3.375000000002698	-2.2099602581573383	0.7900577531813998	-1.4199025049759382	0.7900577531813998
3.3800000000027084	-2.222707392739588	0.80280484345704	-1.419902549282548	0.80280484345704
3.385000000002719	-2.2385760376383548	0.8186734557112681	-1.4199025819270867	0.8186734557112681
3.3900000000027295	-2.2558022836175753	0.8358996511983945	-1.4199026324191806	0.8358996511983945
3.39500000000274	-2.272126736201209	0.8522240520833327	-1.4199026841178761	0.8522240520833327
3.4000000000027506	-2.2851666034390665	0.8652638608198903	-1.419902742619176	0.8652638608198903
3.405000000002761	-2.292863656196991	0.8729609018044506	-1.4199027543925404	0.8729609018044506
3.4100000000027717	-2.29381900547495	0.8739162117963926	-1.4199027936785575	0.8739162117963926
3.4150000000027823	-2.287531907670186	0.8676291236500789	-1.4199027840201075	0.8676291236500789
3.420000000002793	-2.2746122016632935	0.8547094399899486	-1.4199027616733448	0.8547094399899486
3.4250000000028034	-2.256969807014758	0.8370671148186362	-1.4199026921961218	0.8370671148186362
3.430000000002814	-2.237857032750508	0.8179544398840146	-1.4199025928664935	0.8179544398840146
3.4350000000028245	-2.221346617424658	0.801444124491749	-1.4199024929329094	0.801444124491749
3.440000000002835	-2.2111261888799496	0.791223747198339	-1.4199024416816104	0.791223747198339
3.4450000000028456	-2.2091284584082542	0.7892260130800394	-1.4199024453282147	0.7892260130800394
3.450000000002856	-2.2149374002206623	0.7950349006307426	-1.4199024995899197	0.7950349006307426
3.4550000000028667	-2.226381100110407	0.8064785309614554	-1.4199025691489515	0.8064785309614554
3.460000000002877	-2.2407818209638215	0.8208791936956371	-1.4199026272681843	0.8208791936956371
3.4650000000028878	-2.2559832691935693	0.836080641418886	-1.4199026277746831	0.836080641418886
3.4700000000028983	-2.2707198700960767	0.8508172376431726	-1.419902632452904	0.8508172376431726
3.475000000002909	-2.284430789868614	0.8645281692103763	-1.4199026206582375	0.8645281692103763
3.4800000000029194	-2.2968560390699304	0.8769534114632784	-1.419902627606652	0.8769534114632784
3.48500000000293	-2.3077115129733285	0.8878088866396733	-1.4199026263336554	0.8878088866396733
3.4900000000029405	-2.316573301194523	0.8966706698635963	-1.4199026313309269	0.8966706698635963
3.495000000002951	-2.322968822804081	0.9030661698904363	-1.4199026529136445	0.9030661698904363
3.5000000000029616	-2.3265791277978813	0.9066764665532899	-1.4199026612445913	0.9066764665532899
3.505000000002972	-2.327398858155231	0.9074961990667948	-1.4199026590884358	0.9074961990667948
3.5100000000029827	-2.325721967031873	0.9058193055171025	-1.4199026615147705	0.9058193055171025
3.5150000000029933	-2.3219384592975194	0.9020357971289285	-1.4199026621685908	0.9020357971289285
3.520000000003004	-2.3162883945143404	0.896385715799245	-1.4199026787150952	0.896385715799245
3.5250000000030144	-2.3087601693682394	0.8888574818813697	-1.4199026874868697	0.8888574818813697
3.530000000003025	-2.2993056668803384	0.8794029811227942	-1.4199026857575445	0.8794029811227942
3.5350000000030355	-2.288205043324488	0.8683023751845659	-1.419902668139922	0.8683023751845659
3.540000000003046	-2.276294272429894	0.8563916507125039	-1.41990262171739	0.8563916507125039
3.5450000000030566	-2.264808494085723	0.8449058966136606	-1.419902597472062	0.8449058966136606
3.550000000003067	-2.2548802343893666	0.8349776415052594	-1.4199025928841074	0.8349776415052594
3.5550000000030777	-2.247054992346254	0.8271524142593998	-1.4199025780868542	0.8271524142593998
3.5600000000030882	-2.241150564357543	0.8212479633345267	-1.4199026010230165	0.8212479633345267
3.565000000003099	-2.236548767336391	0.8166461387519172	-1.4199026285844736	0.8166461387519172
3.5700000000031094	-2.232607453158151	0.8127048166288203	-1.4199026365293304	0.8127048166288203
3.57500000000312	-2.2289166997966605	0.8090140757304606	-1.4199026240661998	0.8090140757304606
3.5800000000031305	-2.2253321199623683	0.8054294962092047	-1.4199026237531636	0.8054294962092047
3.585000000003141	-2.221910571867614	0.8020079410947288	-1.4199026307728855	0.8020079410947288
3.5900000000031516	-2.2188655072032986	0.798962883390765	-1.4199026238125336	0.798962883390765
3.595000000003162	-2.216544535117566	0.7966419142352728	-1.4199026208822938	0.7966419142352728
3.6000000000031727	-2.2153751701327593	0.7954725519545565	-1.4199026181782028	0.7954725519545565
3.605000000003183	-2.2157170613119597	0.7958144494184728	-1.4199026118934868	0.7958144494184728
3.6100000000031938	-2.217674203981614	0.7977715815932471	-1.4199026223883668	0.7977715815932471
3.6150000000032043	-2.2209776786629676	0.8010750522525057	-1.419902626410462	0.8010750522525057
3.620000000003215	-2.22500233634918	0.8050996927816617	-1.4199026435675182	0.8050996927816617
3.6250000000032254	-2.2289388365676626	0.8090362094705251	-1.4199026270971375	0.8090362094705251
3.630000000003236	-2.2320199869925657	0.8121173502249858	-1.41990263676758	0.8121173502249858
3.6350000000032465	-2.233707664976424	0.8138050202562878	-1.4199026447201362	0.8138050202562878
3.640000000003257	-2.2338268193260737	0.8139241806528313	-1.4199026386732425	0.8139241806528313
3.6450000000032676	-2.2326295054953866	0.8127268363322119	-1.4199026691631746	0.8127268363322119
3.650000000003278	-2.2308179029062445	0.8109152697732821	-1.4199026331329623	0.8109152697732821
3.6550000000032887	-2.2295063204741554	0.8096037224053564	-1.419902598068799	0.8096037224053564
3.6600000000032993	-2.230029817689264	0.8101272580534346	-1.4199025596358295	0.8101272580534346
3.66500000000331	-2.2335986479357235	0.8136961195111734	-1.4199025284245506	0.8136961195111734
3.6700000000033204	-2.240816789834626	0.8209142587708511	-1.4199025310637745	0.8209142587708511
3.675000000003331	-2.2512660234588666	0.8313634462312947	-1.4199025772275724	0.8313634462312947
3.6800000000033415	-2.263417930542134	0.8435152932888111	-1.4199026372533228	0.8435152932888111
3.685000000003352	-2.2750702702133982	0.8551675714160808	-1.4199026987973176	0.8551675714160808
3.6900000000033626	-2.284143026293184	0.8642403017580713	-1.4199027245351126	0.8642403017580713
3.695000000003373	-2.2894089595060616	0.8695062317455489	-1.4199027277605125	0.8695062317455489
3.7000000000033837	-2.290782352914251	0.8708796292185178	-1.4199027236957331	0.8708796292185178
3.7050000000033942	-2.2890921513004883	0.8691894730768412	-1.4199026782236472	0.8691894730768412
3.710000000003405	-2.2855657763012953	0.865663118265881	-1.4199026580354144	0.865663118265881
3.7150000000034153	-2.2813118786245052	0.8614092312641038	-1.419902647360401	0.8614092312641038
3.720000000003426	-2.2769741308489313	0.8570715011021528	-1.4199026297467785	0.8570715011021528
3.7250000000034365	-2.272665622013473	0.8527629757824959	-1.4199026462309772	0.8527629757824959
3.730000000003447	-2.268082917479144	0.8481802769722444	-1.4199026405068995	0.8481802769722444
3.7350000000034576	-2.26268228582917	0.842779616016253	-1.419902669812917	0.842779616016253
3.740000000003468	-2.2558718475720125	0.8359691568989451	-1.4199026906730676	0.8359691568989451
3.7450000000034787	-2.247264823200984	0.8273621350743242	-1.4199026881266599	0.8273621350743242
3.750000000003489	-2.236983315548269	0.8170806451979502	-1.4199026703503188	0.8170806451979502
3.7550000000034998	-2.2259471614039574	0.8060445355985	-1.4199026258054572	0.8060445355985
3.7600000000035103	-2.2158902324649525	0.7959876494684203	-1.4199025829965324	0.7959876494684203
3.765000000003521	-2.2088637767603547	0.7889612433469891	-1.419902533413366	0.7889612433469891
3.7700000000035314	-2.2062755842079183	0.7863730569670695	-1.4199025272408488	0.7863730569670695
3.775000000003542	-2.2080188504555833	0.7881162627808018	-1.4199025876747817	0.7881162627808018
3.7800000000035525	-2.2124167999342985	0.7925141696839724	-1.4199026302503261	0.7925141696839724
3.785000000003563	-2.217058698520504	0.7971560242240947	-1.4199026742964087	0.7971560242240947
3.7900000000035736	-2.2198759688332395	0.799973268142634	-1.4199027006906053	0.799973268142634
3.795000000003584	-2.219816065694658	0.7999133606167458	-1.419902705077912	0.7999133606167458
3.8000000000035947	-2.2170157562019894	0.7971130926293328	-1.4199026635726568	0.7971130926293328
3.8050000000036053	-2.212652593353637	0.7927499963376562	-1.4199025970159809	0.7927499963376562
3.810000000003616	-2.2086725198785446	0.7887699846922221	-1.4199025351863224	0.7887699846922221
3.8150000000036264	-2.2073429047520685	0.7874404511478162	-1.4199024536042522	0.7874404511478162
3.820000000003637	-2.2105477237606035	0.7906453061665764	-1.419902417594027	0.7906453061665764
3.8250000000036475	-2.2189943473064013	0.7990919121892628	-1.4199024351171385	0.7990919121892628
3.830000000003658	-2.2317925537572068	0.8118900497604681	-1.4199025039967388	0.8118900497604681
3.8350000000036686	-2.246766731419946	0.8268641513975661	-1.41990258002238	0.8268641513975661
3.840000000003679	-2.2613588466142804	0.8414562256307986	-1.4199026209834822	0.8414562256307986
3.8450000000036897	-2.2735652552952614	0.853662617426532	-1.419902637868729	0.853662617426532
3.8500000000037002	-2.2824040407799977	0.8625014331748965	-1.4199026076051013	0.8625014331748965
3.855000000003711	-2.2877465515782895	0.8678439598862708	-1.4199025916920187	0.8678439598862708
3.8600000000037213	-2.289805729543458	0.8699031448279441	-1.4199025847155138	0.8699031448279441
3.865000000003732	-2.2887228993421798	0.8688203240321292	-1.4199025753100505	0.8688203240321292
3.8700000000037424	-2.2845369264700035	0.8646343611333072	-1.4199025653366961	0.8646343611333072
3.875000000003753	-2.2774203935291384	0.857517836906783	-1.4199025566223553	0.857517836906783
3.8800000000037635	-2.2678909603417825	0.8479884397331021	-1.4199025206086804	0.8479884397331021
3.885000000003774	-2.256819481002623	0.8369169871251885	-1.4199024938774345	0.8369169871251885
3.8900000000037847	-2.2452830351822444	0.825380581549181	-1.4199024536330633	0.825380581549181
3.895000000003795	-2.2343633891606482	0.8144609466749464	-1.419902442485702	0.8144609466749464
3.9000000000038058	-2.224966170832481	0.8050637270661464	-1.4199024437663343	0.8050637270661464
3.9050000000038163	-2.217726194328343	0.7978237507683695	-1.4199024435599736	0.7978237507683695
3.910000000003827	-2.213018164763345	0.7931157197375236	-1.4199024450258213	0.7931157197375236
3.9150000000038374	-2.211021975137246	0.7911195127733903	-1.4199024623638559	0.7911195127733903
3.920000000003848	-2.211794970006215	0.791892520437125	-1.4199024495690902	0.791892520437125
3.9250000000038585	-2.2152739758389175	0.7953715101564791	-1.4199024656824384	0.7953715101564791
3.930000000003869	-2.2212155714670136	0.8013131019046523	-1.4199024695623614	0.8013131019046523
3.9350000000038796	-2.22911146064962	0.8092089791211889	-1.419902481528431	0.8092089791211889
3.94000000000389	-2.238159356535217	0.8182568323254743	-1.419902524209743	0.8182568323254743
3.9450000000039007	-2.247318929487631	0.8274163752011952	-1.4199025542864359	0.8274163752011952
3.9500000000039113	-2.255461677810517	0.8355590937019897	-1.4199025841085273	0.8355590937019897
3.955000000003922	-2.261555191603668	0.8416525967126043	-1.4199025948910637	0.8416525967126043
3.9600000000039324	-2.2648375598041817	0.8449349666655351	-1.4199025931386464	0.8449349666655351
3.965000000003943	-2.2649439472703574	0.8450413443009138	-1.4199026029694437	0.8450413443009138
3.9700000000039535	-2.2619878386426837	0.8420852678978412	-1.4199025707448425	0.8420852678978412
3.975000000003964	-2.256622662506855	0.8367201185801182	-1.4199025439267368	0.8367201185801182
3.9800000000039746	-2.2500823599894666	0.8301798212403155	-1.4199025387491515	0.8301798212403155
3.985000000003985	-2.244121708664943	0.8242192271357723	-1.4199024815291705	0.8242192271357723
3.9900000000039957	-2.240689259499839	0.8207868274168901	-1.4199024320829488	0.8207868274168901
3.9950000000040062	-2.2412514947240836	0.8213490675692654	-1.4199024271548182	0.8213490675692654
4.000000000004016	-2.245981691092018	0.8260792348118494	-1.4199024562801685	0.8260792348118494
4.005000000004005	-2.253486414665028	0.8335838951908937	-1.4199025194741344	0.8335838951908937
4.010000000003993	-2.2614185679181675	0.8415159982437728	-1.419902569674395	0.8415159982437728
4.015000000003981	-2.2675518005895694	0.847649195876777	-1.4199026047127925	0.847649195876777
4.02000000000397	-2.2705791284061805	0.8506765211130997	-1.4199026072930807	0.8506765211130997
4.025000000003958	-2.27033004890437	0.8504274550300397	-1.4199025938743302	0.8504274550300397
4.030000000003946	-2.2675266603698057	0.8476240799286364	-1.4199025804411693	0.8476240799286364
4.035000000003935	-2.263323512834624	0.8434209487097527	-1.419902564124871	0.8434209487097527
4.040000000003923	-2.2587844723638613	0.8388819270295269	-1.4199025453343344	0.8388819270295269
4.0450000000039115	-2.254453735142511	0.8345511752496741	-1.419902559892837	0.8345511752496741
4.0500000000039	-2.250210921589647	0.8303083335752484	-1.4199025880143983	0.8303083335752484
4.055000000003888	-2.245519446150034	0.8256168330167646	-1.4199026131332695	0.8256168330167646
4.0600000000038765	-2.2399195747187166	0.8200169528048268	-1.4199026219138897	0.8200169528048268
4.065000000003865	-2.233418039371154	0.813515432185559	-1.4199026071855945	0.813515432185559
4.070000000003853	-2.2265271166000273	0.8066245098058823	-1.419902606794145	0.8066245098058823
4.0750000000038415	-2.2199433926841827	0.8000407871238818	-1.4199026055603008	0.8000407871238818
4.08000000000383	-2.214137609134237	0.7942350200818791	-1.4199025890523578	0.7942350200818791
4.085000000003818	-2.209195018957578	0.7892924095535447	-1.4199026094040335	0.7892924095535447
4.090000000003807	-2.2049973135623464	0.785094708353426	-1.4199026052089208	0.785094708353426
4.095000000003795	-2.2015843193693048	0.7816817311830299	-1.4199025881862752	0.7816817311830299
4.100000000003783	-2.1993892118500598	0.7794866532166583	-1.4199025586334018	0.7794866532166583
4.105000000003772	-2.1991853094655918	0.7792827557622009	-1.4199025537033907	0.7792827557622009
4.11000000000376	-2.2017364941245625	0.781833951497567	-1.4199025426269958	0.781833951497567
4.115000000003748	-2.2073400735428224	0.7874374970204382	-1.4199025765223843	0.7874374970204382
4.120000000003737	-2.21545352895688	0.7955509152063871	-1.4199026137504933	0.7955509152063871
4.125000000003725	-2.2245946179950926	0.8046919355974821	-1.4199026823976106	0.8046919355974821
4.130000000003713	-2.232597662747516	0.8126948971799531	-1.4199027655675633	0.8126948971799531
4.135000000003702	-2.2372266524259095	0.8173238456054124	-1.4199028068204973	0.8173238456054124
4.14000000000369	-2.236992445478951	0.8170895926555185	-1.4199028528234323	0.8170895926555185
4.145000000003678	-2.2319075297695603	0.8120047203057151	-1.419902809463845	0.8120047203057151
4.150000000003667	-2.2237997119996504	0.8038970083017556	-1.4199027036978946	0.8038970083017556
4.155000000003655	-2.2158903834948185	0.7959877651909336	-1.4199026183038848	0.7959877651909336
4.1600000000036434	-2.211602227062134	0.7916996808454517	-1.419902546216682	0.7916996808454517
4.165000000003632	-2.2130857660322643	0.7931832234049263	-1.419902542627338	0.7931832234049263
4.17000000000362	-2.2203109116471014	0.8004083173511097	-1.4199025942959917	0.8004083173511097
4.1750000000036085	-2.2313538716002634	0.8114512002653984	-1.419902671334865	0.8114512002653984
4.180000000003597	-2.243512211672848	0.8236094949575622	-1.4199027167152858	0.8236094949575622
4.185000000003585	-2.2544010495304727	0.8344982922949643	-1.4199027572355083	0.8344982922949643
4.1900000000035735	-2.2624441208924635	0.8425413501071174	-1.4199027707853462	0.8425413501071174
4.195000000003562	-2.266805684784869	0.8469029059320191	-1.4199027788528502	0.8469029059320191
4.20000000000355	-2.2671280564076572	0.8472252857554533	-1.4199027706522036	0.8472252857554533
4.205000000003539	-2.2633319358396955	0.8434291716802698	-1.4199027641594255	0.8434291716802698
4.210000000003527	-2.2555822974195823	0.8356795355109901	-1.4199027619085922	0.8356795355109901
4.215000000003515	-2.244365743257223	0.82446299845769	-1.419902744799533	0.82446299845769
4.220000000003504	-2.230572767136556	0.8106700588841058	-1.4199027082524502	0.8106700588841058
4.225000000003492	-2.215513630311013	0.7956109372636361	-1.4199026930473764	0.7956109372636361
4.23000000000348	-2.200778693665271	0.7808760432342106	-1.4199026504310606	0.7808760432342106
4.235000000003469	-2.1879800057788907	0.7680773989504718	-1.4199026068284188	0.7680773989504718
4.240000000003457	-2.1784844345713705	0.7585818624955806	-1.4199025720757898	0.7585818624955806
4.245000000003445	-2.1732542330247693	0.7533516628389367	-1.4199025701858325	0.7533516628389367
4.250000000003434	-2.1728402630987147	0.7529377021340605	-1.4199025609646543	0.7529377021340605
4.255000000003422	-2.1774434484013248	0.7575408906163094	-1.4199025577850153	0.7575408906163094
4.26000000000341	-2.186865182293159	0.7669626043661225	-1.4199025779270362	0.7669626043661225
4.265000000003399	-2.2002946452180305	0.7803920294002884	-1.4199026158177421	0.7803920294002884
4.270000000003387	-2.216174833810254	0.7962721647273038	-1.41990266908295	0.7962721647273038
4.275000000003375	-2.232368258572743	0.8124655543327166	-1.4199027042400263	0.8124655543327166
4.280000000003364	-2.2466684773569017	0.8267657396829549	-1.4199027376739468	0.8267657396829549
4.285000000003352	-2.2573873301564507	0.8374845774669185	-1.419902752689532	0.8374845774669185
4.2900000000033405	-2.263711312952696	0.8438085671849133	-1.4199027457677829	0.8438085671849133
4.295000000003329	-2.2657364589267375	0.8458337274103143	-1.4199027315164232	0.8458337274103143
4.300000000003317	-2.264253483818232	0.844350788358859	-1.4199026954593734	0.844350788358859
4.3050000000033055	-2.260434710677977	0.8405320456818829	-1.419902664996094	0.8405320456818829
4.310000000003294	-2.255503566136203	0.8356009144069172	-1.4199026517292856	0.8356009144069172
4.315000000003282	-2.250487148779784	0.8305845014147717	-1.4199026473650123	0.8305845014147717
4.320000000003271	-2.2461398381157633	0.8262371892190582	-1.4199026488967053	0.8262371892190582
4.325000000003259	-2.2430031701317303	0.8231005540732701	-1.4199026160584602	0.8231005540732701
4.330000000003247	-2.2414764935138947	0.8215738759174033	-1.419902617596491	0.8215738759174033
4.335000000003236	-2.2417501508365714	0.8218475078085636	-1.4199026430280077	0.8218475078085636
4.340000000003224	-2.2436481769162615	0.8237455184452103	-1.4199026584710515	0.8237455184452103
4.345000000003212	-2.2465623623101387	0.8266596850570141	-1.4199026772531247	0.8266596850570141
4.350000000003201	-2.2495873198706917	0.829684620688334	-1.4199026991823576	0.829684620688334
4.355000000003189	-2.2517395989329443	0.8318368873701911	-1.4199027115627532	0.8318368873701911
4.360000000003177	-2.2522085718188807	0.8323058763656956	-1.4199026954531848	0.8323058763656956
4.365000000003166	-2.2506168690950297	0.8307141798571445	-1.419902689237885	0.8307141798571445
4.370000000003154	-2.2472655635631575	0.827362915639406	-1.4199026479237518	0.827362915639406
4.375000000003142	-2.243253458868188	0.8233508636963067	-1.419902595171881	0.8233508636963067
4.380000000003131	-2.240228240983557	0.8203256741137369	-1.4199025668698204	0.8203256741137369
4.385000000003119	-2.2397614692240686	0.8198589211587258	-1.4199025480653427	0.8198589211587258
4.390000000003107	-2.2426766173027524	0.8227740349080483	-1.4199025823947042	0.8227740349080483
4.395000000003096	-2.248796070247188	0.8288934661212584	-1.41990260412593	0.8288934661212584
4.400000000003084	-2.257221952527991	0.837319323642413	-1.4199026288855783	0.837319323642413
4.4050000000030725	-2.266814096714275	0.8469114780843492	-1.4199026186299257	0.8469114780843492
4.410000000003061	-2.2765175942909455	0.8566149582707042	-1.4199026360202414	0.8566149582707042
4.415000000003049	-2.285528003753414	0.8656253431157543	-1.4199026606376595	0.8656253431157543
4.4200000000030375	-2.293307991923817	0.8734053534623116	-1.4199026384615052	0.8734053534623116
4.425000000003026	-2.2995666891748074	0.8796640377485597	-1.4199026514262476	0.8796640377485597
4.430000000003014	-2.3041681597878565	0.8842654935393571	-1.4199026662484995	0.8842654935393571
4.4350000000030025	-2.3069729071734066	0.8870701984401397	-1.4199027087332672	0.8870701984401397
4.440000000002991	-2.3076846959198853	0.8877819704290313	-1.4199027254908543	0.8877819704290313
4.445000000002979	-2.3057262986089495	0.8858235648390935	-1.4199027337698562	0.8858235648390935
4.450000000002968	-2.3002521628630124	0.8803494086340623	-1.41990275422895	0.8803494086340623
4.455000000002956	-2.2903295901676284	0.8704268093035706	-1.4199027808640579	0.8704268093035706
4.460000000002944	-2.2753597010434605	0.8554569338166539	-1.4199027672268068	0.8554569338166539
4.465000000002933	-2.255624409258519	0.835721678016921	-1.4199027312415982	0.835721678016921
4.470000000002921	-2.232753480890359	0.8128508386933774	-1.4199026421969816	0.8128508386933774
4.475000000002909	-2.2096912268942313	0.7897886615738555	-1.4199025653203756	0.7897886615738555
4.480000000002898	-2.1899439323925596	0.7700414368118758	-1.419902495580684	0.7700414368118758
4.485000000002886	-2.1764333501062434	0.7565309054136824	-1.4199024446925612	0.7565309054136824
4.490000000002874	-2.1705941316157844	0.7506916750422559	-1.4199024565735285	0.7506916750422559
4.495000000002863	-2.1721590634087766	0.7522565592022938	-1.419902504206483	0.7522565592022938
4.500000000002851	-2.179540570533109	0.7596380318556186	-1.4199025386774906	0.7596380318556186
4.505000000002839	-2.190519091366902	0.770616498977756	-1.4199025923891464	0.770616498977756
4.510000000002828	-2.2029190527194484	0.7830164234976756	-1.419902629221773	0.7830164234976756
4.515000000002816	-2.2150154561240836	0.79511280397027	-1.4199026521538132	0.79511280397027
4.520000000002804	-2.2255847635850814	0.8056820966239256	-1.4199026669611556	0.8056820966239256
4.525000000002793	-2.233763781300455	0.8138610928630429	-1.4199026884374126	0.8138610928630429
4.530000000002781	-2.2389514449337007	0.8190487551945903	-1.4199026897391105	0.8190487551945903
4.5350000000027695	-2.240870425425575	0.8209677513454596	-1.4199026740801153	0.8209677513454596
4.540000000002758	-2.239782576953951	0.8198799163188365	-1.419902660635115	0.8198799163188365
4.545000000002746	-2.236676922628912	0.8167743180610048	-1.4199026045679073	0.8167743180610048
4.5500000000027345	-2.2331697578196765	0.8132672025023432	-1.4199025553173334	0.8132672025023432
4.555000000002723	-2.230978334972441	0.8110758036960151	-1.4199025312764257	0.8110758036960151
4.560000000002711	-2.231177366790637	0.811274837887927	-1.4199025289027098	0.811274837887927
4.5650000000027	-2.2337686471561953	0.8138660970005159	-1.4199025501556795	0.8138660970005159
4.570000000002688	-2.237895611051233	0.8179930438756697	-1.4199025671755634	0.8179930438756697
4.575000000002676	-2.242424323298815	0.8225217370286195	-1.4199025862701955	0.8225217370286195
4.580000000002665	-2.246375307450936	0.8264727034345337	-1.4199026040164022	0.8264727034345337
4.585000000002653	-2.2489818063546134	0.8290791706428764	-1.4199026357117372	0.8290791706428764
4.590000000002641	-2.249518760269573	0.8296161264649001	-1.4199026338046732	0.8296161264649001
4.59500000000263	-2.247155279074386	0.8272526055616263	-1.41990267351276	0.8272526055616263
4.600000000002618	-2.24103509526001	0.8211324010887573	-1.4199026941712531	0.8211324010887573
4.605000000002606	-2.2306081000498303	0.8107054333589946	-1.4199026666908359	0.8107054333589946
4.610000000002595	-2.216123145452297	0.7962204990821634	-1.4199026463701336	0.7962204990821634
4.615000000002583	-2.199086600365433	0.7791840091687778	-1.419902591196655	0.7791840091687778
4.620000000002571	-2.18244255902026	0.7625400640767714	-1.4199024949434886	0.7625400640767714
4.62500000000256	-2.1701757198717186	0.7502733337818895	-1.419902386089829	0.7502733337818895
4.630000000002548	-2.1662809540138395	0.7463786416008081	-1.4199023124130314	0.7463786416008081
4.635000000002536	-2.1733487234077495	0.7534463941175928	-1.4199023292901567	0.7534463941175928
4.640000000002525	-2.191467015134979	0.7715646290693077	-1.4199023860656712	0.7715646290693077
4.645000000002513	-2.2181317824480984	0.7982292989832176	-1.419902483464881	0.7982292989832176
4.6500000000025015	-2.249227330808642	0.829324765004002	-1.41990256580464	0.829324765004002
4.65500000000249	-2.280422303725154	0.8605196512514678	-1.4199026524736862	0.8605196512514678
4.660000000002478	-2.3081820830975657	0.8882793825519734	-1.4199027005455924	0.8882793825519734
4.6650000000024665	-2.33014483927824	0.9102421307566647	-1.4199027085215752	0.9102421307566647
4.670000000002455	-2.3450413874092453	0.9251386913877261	-1.4199026960215193	0.9251386913877261
4.675000000002443	-2.3524991045046324	0.9325963972079755	-1.4199027072966566	0.9325963972079755
4.6800000000024315	-2.3528696960477946	0.9329670314200926	-1.419902664627702	0.9329670314200926
4.68500000000242	-2.347093531100033	0.9271909247973685	-1.4199026063026645	0.9271909247973685
4.690000000002408	-2.3365528332910044	0.9166502825684617	-1.419902550722543	0.9166502825684617
4.695000000002397	-2.3228868483008522	0.9029843425533203	-1.4199025057475319	0.9029843425533203
4.700000000002385	-2.307772682231069	0.8878702240683147	-1.4199024581627544	0.8878702240683147
4.705000000002373	-2.2927341338874663	0.872831717263839	-1.4199024166236274	0.872831717263839
4.710000000002362	-2.278975537986265	0.8590731488830785	-1.4199023891031863	0.8590731488830785
4.71500000000235	-2.267239415235667	0.847337021227306	-1.4199023940083613	0.847337021227306
4.720000000002338	-2.257704426701516	0.8378020301805037	-1.419902396521012	0.8378020301805037
4.725000000002327	-2.2500018645939206	0.8300994214883006	-1.41990244310562	0.8300994214883006
4.730000000002315	-2.243308896976026	0.8234064062209598	-1.419902490755066	0.8234064062209598
4.735000000002303	-2.236529353266471	0.8166268477099276	-1.4199025055565437	0.8166268477099276
4.740000000002292	-2.228499360715259	0.8085968349185505	-1.4199025257967082	0.8085968349185505
4.74500000000228	-2.2182412402938168	0.7983387039492684	-1.4199025363445485	0.7983387039492684
4.750000000002268	-2.205239339389163	0.7853367990483339	-1.4199025403408292	0.7853367990483339
4.755000000002257	-2.189738199943085	0.7698356743989271	-1.419902525544158	0.7698356743989271
4.760000000002245	-2.1729374427478887	0.7530349747097062	-1.4199024680381824	0.7530349747097062
4.7650000000022334	-2.1568733699853753	0.73697096045426	-1.4199024095311155	0.73697096045426
4.770000000002222	-2.143860320974269	0.7239579475449236	-1.4199023734293454	0.7239579475449236
4.77500000000221	-2.1357024301297676	0.7158000764555245	-1.419902353674243	0.7158000764555245
4.7800000000021985	-2.1331553067932436	0.7132529483700641	-1.4199023584231798	0.7132529483700641
4.785000000002187	-2.135941719727615	0.7160393387108123	-1.419902381016803	0.7160393387108123
4.790000000002175	-2.143165716564714	0.7232633030744927	-1.4199024134902214	0.7232633030744927
4.7950000000021635	-2.153748985233425	0.7338465515199188	-1.4199024337135062	0.7338465515199188
4.800000000002152	-2.1667095775825396	0.7468071155016905	-1.419902462080849	0.7468071155016905
4.80500000000214	-2.181251921907237	0.7613494528582954	-1.4199024690489415	0.7613494528582954
4.810000000002129	-2.1967244843459617	0.776822023554057	-1.4199024607919046	0.776822023554057
4.815000000002117	-2.212490373917944	0.7925878894959092	-1.4199024844220347	0.7925878894959092
4.820000000002105	-2.227771434092611	0.8078689368812014	-1.4199024972114092	0.8078689368812014
4.825000000002094	-2.241600068251107	0.8216975380248853	-1.4199025302262214	0.8216975380248853
4.830000000002082	-2.252929951134114	0.8330273847949025	-1.4199025663392115	0.8330273847949025
4.83500000000207	-2.260884926241737	0.8409823353824437	-1.4199025908592933	0.8409823353824437
4.840000000002059	-2.2650537350036526	0.8451511580342309	-1.4199025769694213	0.8451511580342309
4.845000000002047	-2.265692124791764	0.8457895805886183	-1.419902544203146	0.8457895805886183
4.850000000002035	-2.26379020010825	0.8438877153823686	-1.4199024847258812	0.8438877153823686
4.855000000002024	-2.2609392490276012	0.8410368092965516	-1.4199024397310496	0.8410368092965516
4.860000000002012	-2.2589114232527	0.8390090231282705	-1.4199024001244294	0.8390090231282705
4.865000000002	-2.2589777483756173	0.8390753567927931	-1.4199023915828242	0.8390753567927931
4.870000000001989	-2.261360037203236	0.8414576176082501	-1.4199024195949859	0.8414576176082501
4.875000000001977	-2.2652453335402485	0.8453428748391427	-1.4199024587011058	0.8453428748391427
4.880000000001965	-2.2694353174592905	0.8495328260289817	-1.4199024914303089	0.8495328260289817
4.885000000001954	-2.27312994256265	0.8532274485900915	-1.4199024939725586	0.8532274485900915
4.890000000001942	-2.276346460053447	0.8564439939875642	-1.419902466065883	0.8564439939875642
4.8950000000019305	-2.279820826053321	0.8599183790591742	-1.4199024469941464	0.8599183790591742
4.900000000001919	-2.2845624491414824	0.8646600260026197	-1.4199024231388626	0.8646600260026197
4.905000000001907	-2.291282515860286	0.8713800935903804	-1.4199024222699057	0.8713800935903804
4.9100000000018955	-2.299896925809196	0.8799944569309863	-1.4199024688782094	0.8799944569309863
4.915000000001884	-2.309367021717462	0.8894645265601352	-1.4199024951573267	0.8894645265601352
4.920000000001872	-2.318025650586071	0.8981231261852238	-1.4199025244008467	0.8981231261852238
4.925000000001861	-2.3243085567586745	0.90440602119206	-1.4199025355666146	0.90440602119206
4.930000000001849	-2.3274913494727336	0.9075888281381852	-1.4199025213345482	0.9075888281381852
4.935000000001837	-2.327984967302717	0.9080824779955522	-1.4199024893071646	0.9080824779955522
4.940000000001826	-2.3270245643769836	0.907122114732505	-1.4199024496444788	0.907122114732505
4.945000000001814	-2.3259521290033605	0.9060497062722468	-1.419902422731114	0.9060497062722468
4.950000000001802	-2.3254889979053592	0.9055865804199112	-1.419902417485448	0.9055865804199112
4.955000000001791	-2.3254332061708958	0.9055307599878256	-1.41990244618307	0.9055307599878256
4.960000000001779	-2.324920149133503	0.9050177168130423	-1.4199024323204605	0.9050177168130423
4.965000000001767	-2.323006307370628	0.9031038466597215	-1.4199024607109068	0.9031038466597215
4.970000000001756	-2.3191971066394697	0.8992946609913385	-1.419902445648131	0.8992946609913385
4.975000000001744	-2.3136390443610493	0.8937366142698113	-1.419902430091238	0.8937366142698113
4.980000000001732	-2.3069632680673857	0.8870608797844514	-1.4199023882829342	0.8870608797844514
4.985000000001721	-2.2999665169513746	0.8800641297617797	-1.4199023871895946	0.8800641297617797
4.990000000001709	-2.2933152201386298	0.8734128387296706	-1.4199023814089593	0.8734128387296706
4.995000000001697	-2.2873680760439	0.8674656944866562	-1.4199023815572434	0.8674656944866562
5.000000000001686	-2.2821344511913555	0.8622320502805738	-1.4199024009107817	0.8622320502805738
