# r	g
0.110625	0.0
0.18437499999999998	0.0
0.258125	0.0
0.331875	0.0
0.40562499999999996	0.0
0.479375	0.0
0.553125	0.0
0.626875	0.0
0.7006249999999999	0.0
0.7743749999999999	0.0
0.8481249999999999	0.0
0.921875	0.1273239544735163
0.995625	1.0138759337705925
1.069375	1.9757165349338734
1.143125	2.2589733858204504
1.216875	1.5240291520314828
1.290625	1.4733200446221169
1.364375	0.8775029294796393
1.4381249999999999	1.0120622022253858
1.5118749999999999	0.6987290184522235
1.5856249999999998	0.9919424360146035
1.6593749999999998	0.905414787367227
1.7331249999999998	0.8804316000828254
1.806875	0.7925266553963769
1.880625	1.0735156945806275
1.954375	0.9128887301874753
2.0281249999999997	1.053316350644544
2.1018749999999997	1.0386954180734222
2.1756249999999997	1.1761280540350234
2.2493749999999997	1.1688756476257234
2.3231249999999997	0.869036514660508
2.396875	0.9010618316587305
2.470625	1.0451966412005067
2.544375	0.9687692188202326
2.618125	1.1477088853950763
2.691875	0.95929006795115
2.765625	0.9337089994724527
2.839375	1.1574904952137843
2.913125	0.9347834632232841
2.986875	0.9195618934198397
3.060625	0.8360428335911612
3.134375	1.0185916357881302
3.208125	0.9146835809879044
3.281875	1.1015667971304217
3.355625	1.0213899644578779
3.429375	0.9788884671888619
3.503125	0.7773462483646256
3.576875	1.076346831631787
3.650625	0.9838669209317169
3.7243749999999998	1.014809736150303
3.7981249999999998	1.0692739865979768
3.8718749999999997	0.9822133630814114
3.9456249999999997	0.8567593198217919
4.019375	1.127225835476543
4.093125	1.0438270141522508
4.166875	0.9070423305414214
4.240625	1.0739498768635722
4.314375	1.0392681754034876
4.388125	0.9148065636542555
4.461875	0.947037677902187
4.535625	1.0144510193824876
4.609375	0.8708958485988514
4.6831249999999995	1.042652855531157
4.756875	1.0462278429606764
4.8306249999999995	1.039974284631011
4.904375	0.9381765066469618
4.9781249999999995	0.9006990853496893
5.051875	1.0641308603808477
5.125624999999999	1.0762996151538247
5.199375	0.9662172431678185
5.273124999999999	0.9304442826910806
5.346875	1.04054404173184
5.420624999999999	0.9830795124315715
5.494375	1.174969378530771
5.568124999999999	0.8516370464784866
5.641875	0.9278837205096121
5.715624999999999	1.014484411450275
5.789375	1.1150983273954453
5.863124999999999	1.1250953209766694
5.936875	1.0280816199724918
6.010625	0.945165551613219
6.084375	0.8642595697596257
6.158125	0.9758961780006039
6.231875	0.9342112635926637
6.305625	1.0200808048463
6.379375	1.0119678462490456
6.453125	1.0331429448708178
6.5268749999999995	0.9819050726347442
6.600625	1.0918562576360193
6.6743749999999995	0.9144814409700064
6.748125	0.9184022945630682
6.8218749999999995	1.0598858912930544
6.895625	1.1132335056909044
6.969374999999999	1.0071392166026816
7.043125	0.9365976755774365
7.116874999999999	0.9697731247464711
7.190625	1.04797408682048
7.264374999999999	1.0050190315041516
7.338125	0.9597283000516303
7.411874999999999	0.99768770296412
7.485625	1.0098106734106462
7.559374999999999	1.00306432426697
7.633125	0.9964483393579535
7.706874999999999	0.9716828104557823
7.780625	0.9715240128073992
7.854374999999999	1.025167051277373
7.928125	1.137032523670471
8.001875	0.9739989144057004
8.075624999999999	0.9941733431493741
8.149375	1.0053407264990315
8.223125	0.987759826184678
8.296875	0.9563443691566336
8.370625	1.0825340622638169
8.444374999999999	0.9757796510961619
8.518125	1.03071772669037
8.591875	0.9918153535168758
8.665625	0.9264849453179269
8.739374999999999	0.9831343320106951
8.813125	1.02285352547762
8.886875	0.9562504464608484
8.960625	1.0191156026789676
9.034374999999999	1.0055993955357307
9.108125	0.940753914632256
9.181875	0.9817750706391617
9.255625	0.9561978254285984
9.329374999999999	1.0367088783219112
9.403125	1.0335709245497204
9.476875	1.112226761840638
9.550625	0.9905705338383602
9.624374999999999	1.0537154852980657
9.698125	1.0578054772799736
9.771875	0.9825565543333613
9.845625	0.8798228314742979
9.919374999999999	1.0200116055406232
9.993125	0.9514059328740609
10.066875	0.9654233910629256
10.140625	0.9051575672571794
10.214374999999999	1.0709921080263283
10.288124999999999	1.0199607105674156
10.361875	0.9605935355297314
10.435625	1.0302892429129056
10.509374999999999	0.9850853319793103
10.583124999999999	0.924984129189134
10.656875	1.052955886476484
10.730625	0.980088171892359
10.804375	1.0516176444570287
10.878124999999999	1.0898067289682325
10.951875	0.9860104218487793
11.025625	1.0219982967773882
11.099375	0.9898274201595617
11.173124999999999	1.000102348669864
11.246875	0.981020632828732
11.320625	1.024397939900929
11.394375	1.04043037231595
11.468124999999999	0.9887053056383983
11.541875	1.0088287766591708
11.615625	0.9054147873672269
11.689375	0.9960990760073198
11.763124999999999	0.9938452872697666
11.836875	1.0293011272859027
11.910625	1.0170148685500682
11.984375	1.0362211064075402
12.058124999999999	0.9578499327365446
12.131874999999999	1.0236226735028895
12.205625	0.9789711907404801
12.279375	0.9845621104183315
12.353124999999999	1.0603995014361505
12.426874999999999	0.9709868338188037
12.500625	1.0272301341742391
12.574375	1.0006692023138524
12.648124999999999	0.9911223278259139
12.721874999999999	1.0056747128705272
12.795625	0.9833665648098663
12.869375	1.0142137347747142
12.943124999999998	1.0301995176774537
13.016874999999999	0.9468141090452697
13.090625	0.9988653893204021
13.164375	0.9861365101380183
13.238125	0.9700028286492116
13.311874999999999	1.0192970316577896
13.385625	1.017188617006053
13.459375	0.9924291793894626
13.533125	0.9818168696459156
13.606874999999999	0.957517543804899
13.680625	1.1119396563185788
13.754375	1.0052789434973335
13.828125	1.0033127612513082
13.901874999999999	1.0300744327433013
13.975624999999999	0.9759263528906723
14.049375	1.0192600030032144
14.123125	0.9856802219686052
14.196874999999999	0.9491422060753032
14.270624999999999	0.9573971770489208
14.344375	0.9115609594055085
14.418125	0.9622564845760627
14.491874999999999	1.0594130563063568
14.565624999999999	1.0234267226668714
14.639375	1.0198744967903823
14.713125	0.9940203463283288
14.786874999999998	0.0
