# t-t0	Cv	<r^2>
-3.8746783559417963e-14	2.835434022679739	0.0
0.009999999999960152	2.8157669629345485	0.0002825718036019843
0.01999999999995905	2.7773360871283264	0.0011271404965914563
0.02999999999995795	2.7237989485427336	0.0025315994690650843
0.03999999999995685	2.6580124170281256	0.004494840070270619
0.049999999999955747	2.5812296170618896	0.007009743846623483
0.059999999999954645	2.4959924760726016	0.010061148001061171
0.06999999999995354	2.4048733509997184	0.013628159911007631
0.07999999999995244	2.307043441089055	0.017681170943978093
0.08999999999995134	2.1987304545423147	0.022174952073854667
0.09999999999995024	2.07656803196326	0.027045226779239675
0.10999999999994914	1.9426166842644412	0.032217701356751956
0.11999999999994804	1.8068039066468768	0.03763419451043355
0.12999999999994694	1.6802235694391987	0.043272480966121005
0.13999999999994583	1.5674712414245997	0.04913416090127134
0.14999999999994473	1.4665564196878884	0.05521657487422869
0.15999999999994363	1.3730427487597425	0.061497821242325515
0.16999999999994253	1.283971525284245	0.06795021670172963
0.17999999999994143	1.1979184642990892	0.07456396135736001
0.18999999999994033	1.1120017969382066	0.08133902538662444
0.19999999999993923	1.0218564735439375	0.08825417205911429
0.20999999999993813	0.9271900058270575	0.09526464379624104
0.21999999999993702	0.8363242465140375	0.10234529548076367
0.22999999999993592	0.7592959530141862	0.10952527058315675
0.23999999999993482	0.6981886166860454	0.11686062062672004
0.24999999999993372	0.6482308529702411	0.12438613605396184
0.2599999999999326	0.6030141826966081	0.13209743353813372
0.2699999999999315	0.5563425099804917	0.13995240582678584
0.2799999999999304	0.5007884832104176	0.14786046963345692
0.2899999999999293	0.4292434519085104	0.15566091403087373
0.2999999999999282	0.3525380528394009	0.16320383739499422
0.3099999999999271	0.2966753170288224	0.17056149394500117
0.319999999999926	0.2661462814616498	0.17796839101728307
0.3299999999999249	0.25117026482282995	0.18559248118977714
0.3399999999999238	0.242693431223229	0.1934826877891144
0.3499999999999227	0.2332069445175611	0.2015965074670591
0.3599999999999216	0.21780872598119713	0.20983710739330752
0.3699999999999205	0.19790177438389847	0.21812367048608933
0.3799999999999194	0.1773744538490746	0.22644625175132013
0.3899999999999183	0.15684429106222628	0.2348128915894224
0.3999999999999172	0.13738245918819955	0.2431957552532417
0.4099999999999161	0.12165069199399206	0.2515684198732409
0.419999999999915	0.11067962822840056	0.2599457729903057
0.4299999999999139	0.10432357544137619	0.2683628340520463
0.4399999999999128	0.1027699438140211	0.2768379462824579
0.4499999999999117	0.10577551982226133	0.28535864936877325
0.4599999999999106	0.11114083355657382	0.29388869773403775
0.4699999999999095	0.11421883072337596	0.302386231911634
0.4799999999999084	0.10980666079925125	0.31081920996262236
0.4899999999999073	0.0957562769331178	0.3191723016961997
0.4999999999999062	0.07427881765383258	0.3274522994260215
0.5099999999999052	0.05003981199128679	0.3356916005495269
0.5199999999999041	0.02863883380436028	0.34393863392162194
0.529999999999903	0.014974473273293048	0.3522437136854759
0.5399999999999019	0.010256921187921587	0.36065952818735525
0.5499999999999008	0.012086809598738722	0.3692487545278949
0.5599999999998997	0.018539834738908266	0.3780773680612469
0.5699999999998986	0.02982293854656692	0.3871961187274925
0.5799999999998975	0.04634888603461069	0.3966276778219
0.5899999999998964	0.06684938932512197	0.4063653175234261
0.5999999999998953	0.08834796800824134	0.41638327982620454
0.6099999999998942	0.10797836663400574	0.4266596996816285
0.6199999999998931	0.12488917995405989	0.4372003058655946
0.629999999999892	0.13992098799908242	0.4480367686492544
0.6399999999998909	0.154273599589623	0.45919667864889
0.6499999999998898	0.16978225869961755	0.470671203709356
0.6599999999998887	0.18980499625237776	0.4823928710626898
0.6699999999998876	0.21746551136662673	0.4942345881262176
0.6799999999998865	0.2507378247552057	0.506062482425239
0.6899999999998854	0.28126563447324016	0.5178255580555358
0.6999999999998843	0.30211018488204594	0.5295735126753928
0.7099999999998832	0.31329395869285737	0.5413715331291449
0.7199999999998821	0.3195474024945545	0.5532160020370797
0.729999999999881	0.32677651581401884	0.565009823140397
0.7399999999998799	0.3385940445810761	0.5766065535956376
0.7499999999998788	0.35454002254892264	0.5879191973423243
0.7599999999998777	0.37278656845713753	0.5989982100777373
0.7699999999998766	0.39232145926799367	0.6099866447877182
0.7799999999998755	0.4114089047473011	0.6210292870051066
0.7899999999998744	0.42750960763968754	0.6322301636794699
0.7999999999998733	0.4395710901914597	0.6436495500600274
0.8099999999998722	0.44840476996069095	0.655307851457334
0.819999999999871	0.4547692271781274	0.6671894356436142
0.82999999999987	0.45839824363383	0.6792515494644533
0.8399999999998689	0.4591709321643468	0.6914450967495815
0.8499999999998678	0.45872111499431284	0.703746318505628
0.8599999999998666	0.45995613828154885	0.7161734811800234
0.8699999999998655	0.4644086432488943	0.7287646845195124
0.8799999999998644	0.47069565762843724	0.7415462971758597
0.8899999999998633	0.4758354765872886	0.7545295463237156
0.8999999999998622	0.47789194654863437	0.7677240091640058
0.9099999999998611	0.4769447418287202	0.7811463202960254
0.91999999999986	0.4739697863823175	0.7948216657634924
0.9299999999998589	0.4696499103211109	0.8087814779962887
0.9399999999998578	0.4640767351845204	0.8230579699720708
0.9499999999998567	0.4567346818292284	0.837673567084748
0.9599999999998556	0.44633996000355125	0.8526230765096215
0.9699999999998545	0.4313842940976158	0.86785559778723
0.9799999999998534	0.41220270774648426	0.8832783577508514
0.9899999999998523	0.3913265124976226	0.8987899897119752
0.9999999999998512	0.3692749767723342	0.9142816939277489
1.0099999999998501	0.3430915066393369	0.9295658886977164
1.019999999999849	0.3110613861407558	0.9443337319977178
1.029999999999848	0.2774931824411081	0.9582681343236737
1.0399999999998468	0.25221414016507315	0.9712651222188853
1.0499999999998457	0.24376238529165736	0.9834996833087787
1.0599999999998446	0.2537702483171464	0.995239754780092
1.0699999999998435	0.27649367289351057	1.0066829160206634
1.0799999999998424	0.3015457694196422	1.0179609638110807
1.0899999999998413	0.31935356244323093	1.0291855088026287
1.0999999999998402	0.32436278344546793	1.0404437993109135
1.1099999999998391	0.31454620121858085	1.0517832077028935
1.119999999999838	0.29182697901222693	1.0632292687976088
1.129999999999837	0.26235161390772255	1.0748181848033187
1.1399999999998358	0.23279818566073615	1.0866044262424714
1.1499999999998347	0.20712242823216628	1.0986448326823066
1.1599999999998336	0.18696868561507315	1.1109861355800499
1.1699999999998325	0.1728792573096258	1.123661515583794
1.1799999999998314	0.16499960638205532	1.1366886278134378
1.1899999999998303	0.16373176553291985	1.1500692210914787
1.1999999999998292	0.17007537603425832	1.1637968108056085
1.209999999999828	0.18445118764912144	1.177869713467524
1.219999999999827	0.2034407239603016	1.1922872282747798
1.229999999999826	0.220235543598211	1.2070097383229563
1.2399999999998248	0.23181321118509082	1.2219103276541399
1.2499999999998237	0.23996472814375686	1.2367888550895918
1.2599999999998226	0.24445305158302502	1.2514996188413419
1.2699999999998215	0.24306913391788978	1.266080752207324
1.2799999999998204	0.2368768006114967	1.280698588078333
1.2899999999998193	0.22953566903793607	1.2955047253233514
1.2999999999998182	0.22431815542904626	1.3105744071860261
1.309999999999817	0.22304830380916	1.325919859896599
1.319999999999816	0.22575971677717382	1.3415286218147913
1.3299999999998149	0.23005327458422437	1.357395064744741
1.3399999999998138	0.23239546142242168	1.3735201536184634
1.3499999999998127	0.23193000032109812	1.3898944910820594
1.3599999999998116	0.2305569544102665	1.4064994369387036
1.3699999999998105	0.23022802054403907	1.4233148996829328
1.3799999999998094	0.23183723306126944	1.4403188285394593
1.3899999999998083	0.23541380115788116	1.4574881821578305
1.3999999999998072	0.24056873893575062	1.4748041760215473
1.409999999999806	0.2467716680378351	1.492253249997416
1.419999999999805	0.2534520281472221	1.509819017645018
1.4299999999998039	0.2600336340954785	1.5274733932627285
1.4399999999998028	0.26600966489673467	1.545177212031959
1.4499999999998017	0.27100045063890094	1.5628923852732894
1.4599999999998006	0.27465444648994763	1.5805986234130418
1.4699999999997995	0.2766395863061968	1.5983038239650451
1.4799999999997984	0.2771014161950424	1.6160371146630212
1.4899999999997973	0.2771707461302082	1.6338240743538959
1.4999999999997962	0.27847280342345343	1.6516631358829759
