# t-t0	Cv	<r^2>
0.019999999999904094	3.1449311309152574	0.0012746661507188261
0.03999999999990189	2.882749818208033	0.004888264161438431
0.05999999999989969	2.5596110301928077	0.010535516190801073
0.07999999999989749	2.2167424717430633	0.017965743829385972
0.09999999999989528	1.9087277083792884	0.027068738603329003
0.11999999999989308	1.6575857363673088	0.03789018168901465
0.13999999999989088	1.4718477291272918	0.050568736709174285
0.15999999999988868	1.3649170130412176	0.06543261505204219
0.17999999999988647	1.3307658408691858	0.08279893220413716
0.19999999999988427	1.3430176567001564	0.102708441990888
0.21999999999988207	1.3513588284908178	0.12484769123640739
0.23999999999987986	1.308430523861315	0.14850865964851404
0.25999999999987766	1.2200626977164588	0.17278841717386975
0.27999999999987546	1.1328660171313623	0.19735441929320124
0.29999999999987326	1.0592414050024836	0.2223673443145741
0.31999999999987105	0.9871237792403106	0.2477854960548796
0.33999999999986885	0.922506840329088	0.273466368406398
0.35999999999986665	0.8749142931074151	0.29934314256297156
0.37999999999986445	0.8372907972945691	0.3256300483462521
0.39999999999986224	0.784304801327173	0.3527180808137175
0.41999999999986004	0.6884487465808209	0.38040046997936794
0.43999999999985784	0.5425694640932918	0.408204624320562
0.45999999999985564	0.372965856169029	0.43579354182319396
0.47999999999985343	0.2262863225947692	0.4630553984657421
0.49999999999985123	0.1117185281533532	0.48974711087097367
0.519999999999849	0.03512893929531431	0.516178619427247
0.5399999999998468	-0.0045269368328076445	0.5435765675583292
0.5599999999998446	-0.004567080028102959	0.5725671549814119
0.5799999999998424	0.04975525762436622	0.6030698196891473
0.5999999999998402	0.1926969941341402	0.63422426169234
0.619999999999838	0.4989641180983933	0.6641770056494862
0.6399999999998358	0.8126009953695322	0.6908670997768234
0.6599999999998336	0.8989142081265419	0.7157485821152964
0.6799999999998314	0.8937977262361047	0.7411110462161834
0.6999999999998292	0.8606983804650861	0.7680644948364926
0.719999999999827	0.8102481287776064	0.7971284733078359
0.7399999999998248	0.7368797685061159	0.8284895668734642
0.7599999999998226	0.6133668442668779	0.8619276994006669
0.7799999999998204	0.4126660749100216	0.8965820059257129
0.7999999999998182	0.1777537306132286	0.931130293588675
0.819999999999816	0.02301610960596228	0.965077464124139
0.8399999999998138	0.0028106382256431004	0.9996844584191823
0.8599999999998116	0.07441035765093247	1.0365731369725733
0.8799999999998094	0.13618074743388664	1.0763570621636342
0.8999999999998072	0.13661935322386487	1.1181633945411864
0.919999999999805	0.09059107140360295	1.15985162976506
0.9399999999998028	0.04338928868728068	1.20060680831558
0.9599999999998006	0.011225856790067858	1.2418958844658952
0.9799999999997984	-0.0010085875899290908	1.284815554866038
0.9999999999997962	0.01721890579602322	1.3299584393909802
1.0199999999998384	0.055172476030486334	1.3772051224882225
1.0399999999998806	0.08997843713940273	1.4246095425124188
1.0599999999999228	0.10947624161953455	1.4684698527278062
1.079999999999965	0.12438334584108719	1.5070165768802664
1.1000000000000072	0.16267296072834989	1.5419781407193864
1.1200000000000494	0.26777277322497667	1.5755353051732854
1.1400000000000916	0.4417648739344538	1.6080441013262785
1.1600000000001338	0.5612275810833921	1.639212096704585
1.180000000000176	0.5660168868815333	1.6694864205651578
1.2000000000002182	0.5125754627135536	1.6993755073889505
1.2200000000002604	0.44211241557661424	1.729031799640907
1.2400000000003026	0.3769936375856699	1.7587670033046976
1.2600000000003448	0.32939265130540024	1.7894984554299316
1.280000000000387	0.29681264554903997	1.8222515195797613
1.3000000000004293	0.2681740503761898	1.857462921961992
1.3200000000004715	0.2346323438027863	1.8946025983815287
1.3400000000005137	0.20357148412782625	1.933024802718677
1.3600000000005559	0.1873978297113387	1.9735167370087765
1.380000000000598	0.19469188233641774	2.016970691764398
1.4000000000006403	0.22980952579808991	2.063374311514753
1.4200000000006825	0.27794832256596513	2.111877709309915
1.4400000000007247	0.3188458027867929	2.1609466529868686
1.460000000000767	0.3530902233649828	2.210109216384433
1.4800000000008091	0.3853922435378334	2.2606192074051163
1.5000000000008513	0.39886763735291586	2.3128432558324996
1.5200000000008935	0.36940144984204437	2.365184045130999
1.5400000000009357	0.3186782427184964	2.415186513748691
1.560000000000978	0.32818659316929105	2.4617919207828183
1.5800000000010201	0.45670715199041967	2.5051619495341364
1.6000000000010624	0.61700933557152	2.5460832652378507
1.6200000000011046	0.7202422111142006	2.5872126005574305
1.6400000000011468	0.7896984841360322	2.630679417096571
1.660000000001189	0.8356397579455325	2.6768463862082603
1.6800000000012312	0.8449921106979603	2.7246488502686885
1.7000000000012734	0.8100619045919651	2.7727563874705363
1.7200000000013156	0.7224832096241323	2.82068014476364
1.7400000000013578	0.6015650834920502	2.868139513987105
1.7600000000014	0.4710922360696684	2.915433754629009
1.7800000000014422	0.3276959408563752	2.9633882731873036
1.8000000000014844	0.19107632136686464	3.0126610227426043
1.8200000000015266	0.09211824220476948	3.063508805271694
1.8400000000015688	0.041406142982120614	3.1157617147736634
1.860000000001611	0.03178463241319678	3.1687292904984785
1.8800000000016532	0.04656062489925427	3.2214108068810554
1.9000000000016954	0.047706007034434526	3.2735416382327616
1.9200000000017377	-0.012679843712200775	3.325701297570228
1.9400000000017799	-0.13666743392918698	3.3776826198872594
1.960000000001822	-0.2367391537863937	3.429029174410267
1.9800000000018643	-0.2929225333920053	3.478872502661071
2.0000000000019065	-0.2892653466315326	3.524562012499155
2.0200000000019487	-0.11703551793136807	3.5641512813503864
2.040000000001991	0.14475539026916406	3.599538895881122
2.060000000002033	0.287825375950175	3.634096748108644
2.0800000000020753	0.32465504824164176	3.6694547751324365
2.1000000000021175	0.3248701861599573	3.7059369869357788
2.1200000000021597	0.3161574492717218	3.743630821217896
2.140000000002202	0.30185220787940265	3.782812691205286
2.160000000002244	0.29170016216914146	3.824112519273254
2.1800000000022863	0.31706885278620534	3.8687232650461385
2.2000000000023285	0.38760024989789216	3.91836723460218
2.2200000000023707	0.4206540866496101	3.9739517915874227
2.240000000002413	0.3632985091581014	4.034741696497875
2.260000000002455	0.326220004406564	4.100540701697923
2.2800000000024974	0.35602581816377765	4.1721794561192045
2.3000000000025396	0.37577819605819096	4.247404206508865
2.3200000000025818	0.3630160791152946	4.320286620181685
2.340000000002624	0.3226578301505168	4.387803228868058
2.360000000002666	0.24524898531401346	4.452086662110116
2.3800000000027084	0.13232025491267752	4.514913407742953
2.4000000000027506	0.025422076500853416	4.576273800672489
2.420000000002793	-0.024533262702587443	4.635788319386329
2.440000000002835	-0.007819512139899313	4.693410219154022
2.460000000002877	0.0579188619473875	4.74970842692045
2.4800000000029194	0.17269932086847078	4.806119275722731
2.5000000000029616	0.3348254223274338	4.862697304611464
2.520000000003004	0.5235116743786135	4.916990850942801
2.540000000003046	0.663617727689617	4.966157304272088
2.5600000000030882	0.6793875906339168	5.00991939780074
2.5800000000031305	0.5903376266989887	5.050361061822032
2.6000000000031727	0.42710694701050167	5.089754876909286
2.620000000003215	0.21147072613694043	5.1303083472112085
2.640000000003257	0.03287550120530625	5.17408216455036
2.6600000000032993	-0.04260321501325487	5.220344123252183
2.6800000000033415	-0.02349832152270021	5.266665801789312
2.7000000000033837	0.0921606740893256	5.312757429537194
2.720000000003426	0.295953006324728	5.360778340982582
2.740000000003468	0.5370223208384903	5.412005228224006
2.7600000000035103	0.7779455774013845	5.46516076525657
2.7800000000035525	0.988002885851476	5.518735794909445
2.8000000000035947	1.1712448641697406	5.572032257791514
2.820000000003637	1.3266419999160604	5.623331650547656
2.840000000003679	1.436119177508703	5.669480752841139
2.8600000000037213	1.450348870257538	5.71028716425543
2.8800000000037635	1.3316924352938622	5.750450892847404
2.9000000000038058	1.1319134598893072	5.7933546606324295
2.920000000003848	1.0195334573654753	5.840562847614185
2.94000000000389	0.9596496093631148	5.892164327786727
2.9600000000039324	0.8381072556820273	5.945771395497225
2.9800000000039746	0.7037998601870528	5.999048092932373
3.0000000000040163	0.6302996534731161	6.053037722451291
3.0200000000039697	0.5829742441288631	6.108797368537564
3.040000000003923	0.5407443889768886	6.166632438217023
3.0600000000038765	0.504915046589926	6.226762157668898
3.08000000000383	0.48959825964419684	6.289097983226823
3.1000000000037833	0.5094089585990423	6.3531067450259044
3.1200000000037367	0.5613283242910239	6.417784415480477
3.14000000000369	0.6070839156867905	6.482304725843222
3.1600000000036434	0.6318850292448525	6.54655241976706
3.180000000003597	0.6521400414675058	6.6103778152867845
3.2000000000035502	0.6799499346798515	6.673646518187849
3.2200000000035036	0.7209673808530378	6.736556841204228
3.240000000003457	0.7766223886569645	6.79962276099706
3.2600000000034104	0.8401573331976023	6.863735343661464
3.280000000003364	0.895340442255207	6.930105296796418
3.300000000003317	0.9265107472781839	6.999817926531308
3.3200000000032706	0.9324187884968919	7.07315220490908
3.340000000003224	0.9296307538775197	7.149006557181691
3.3600000000031773	0.9513518994436919	7.22570989081152
3.3800000000031307	1.0057090261410162	7.3035280386174986
3.400000000003084	1.0509109571941584	7.383148864739502
3.4200000000030375	1.0422493284065206	7.463495720055479
3.440000000002991	0.9487344566143375	7.5429236651524025
3.4600000000029443	0.8153807532135232	7.621757198837462
3.4800000000028977	0.7231563012335807	7.702159640928207
3.500000000002851	0.6683845052341367	7.786304409976543
3.5200000000028044	0.6049334157700187	7.875237073176772
3.540000000002758	0.4875585359528132	7.964921750249784
3.560000000002711	0.32177542179825414	8.043541204789065
3.5800000000026646	0.19299923405429012	8.111360306391862
3.600000000002618	0.0880788563243906	8.177082785579604
3.6200000000025714	0.008843588708306838	8.24103729290877
3.6400000000025248	-0.023504156926691257	8.299738168297939
3.660000000002478	-0.024867111165741616	8.351635020451136
3.6800000000024315	-0.030387521198239637	8.399573454485054
3.700000000002385	-0.032585180556262056	8.447250595418991
3.7200000000023383	-0.03288684773586988	8.496874217008163
3.7400000000022917	-0.04459449102217133	8.549186545376328
3.760000000002245	-0.08555979695939853	8.60332422236723
3.7800000000021985	-0.1682186445079568	8.656445817730974
3.800000000002152	-0.26322018006337367	8.704979892765094
3.8200000000021053	-0.31583805161150286	8.748348980254196
3.8400000000020587	-0.3017957911706514	8.790384131259477
3.860000000002012	-0.22973879350348939	8.83559241817292
3.8800000000019654	-0.14016378987950265	8.886273742178936
3.900000000001919	-0.07828307550668791	8.941574480891562
3.920000000001872	-0.05293002296572531	8.99922005644243
3.9400000000018256	-0.04922966875554773	9.057465244841108
3.960000000001779	-0.05160489186453569	9.115737178797913
3.9800000000017324	-0.05551050682367063	9.175357477009024
4.000000000001686	-0.06340875577575736	9.23836246250412
4.020000000001639	-0.08014227353443332	9.304095355077889
4.0400000000015925	-0.10771281728317884	9.368776308928691
4.060000000001546	-0.12747990011068822	9.429130655420376
4.080000000001499	-0.13125679978725502	9.485421127737318
4.100000000001453	-0.11982572343321668	9.5397757840864
4.120000000001406	-0.08994862023154675	9.593260223807007
4.1400000000013595	-0.0600509334956207	9.645617613551051
4.160000000001313	-0.054561439279262804	9.696011537912923
4.180000000001266	-0.06813042214144391	9.743705476772055
4.20000000000122	-0.07762633560212273	9.789354631409132
4.220000000001173	-0.07554423616002427	9.8355217667039
4.240000000001126	-0.08536004437939425	9.883892490194162
4.26000000000108	-0.12994743147942686	9.933054198677402
4.280000000001033	-0.20673153452803406	9.981185222381642
4.300000000000987	-0.31698518455784735	10.02796356947799
4.32000000000094	-0.46660106132881807	10.073421462128962
4.340000000000893	-0.6049366727000411	10.116721921127649
4.360000000000847	-0.6815585806742841	10.156539914680964
4.3800000000008	-0.717391826791951	10.194119342344546
4.4000000000007535	-0.7045758255802551	10.233930408187156
4.420000000000707	-0.581463871653396	10.280427500635128
4.44000000000066	-0.29148965624102136	10.337946980657719
4.460000000000614	0.006391005109341719	10.407674486730043
4.480000000000567	0.18169968507674955	10.482729989396894
4.5000000000005205	0.27934706358511896	10.552348897507347
4.520000000000474	0.34385820695402586	10.607902290456945
4.540000000000427	0.3880356957803525	10.649845926477804
4.560000000000381	0.4118429231954777	10.688210128415195
4.580000000000334	0.4243854708240484	10.73228558579542
4.600000000000287	0.3975475007720394	10.783768249810738
4.620000000000241	0.3089637452691802	10.839675546219967
4.640000000000194	0.18030320935483865	10.897997286256862
4.660000000000148	0.07121305637139276	10.958075020766337
4.680000000000101	-0.0015632512504094808	11.01933579252655
4.700000000000054	-0.06196620707987401	11.080979825715044
4.720000000000008	-0.13229973098976763	11.142260971756823
4.739999999999961	-0.2079393273805391	11.20169669819933
4.7599999999999145	-0.2816613382767782	11.257604182007979
4.779999999999868	-0.3495674452575659	11.310178674641712
4.799999999999821	-0.4043931060448561	11.361151703659779
4.819999999999775	-0.4402393852186586	11.412610604332794
4.839999999999728	-0.44869366117783505	11.465231497420161
4.8599999999996815	-0.4317341211900294	11.517679478146153
4.879999999999635	-0.4211851119771399	11.568784966606163
4.899999999999588	-0.459919465683171	11.619605093101375
4.919999999999542	-0.6126172135495733	11.670748645106132
4.939999999999495	-0.861278397919062	11.720144448497981
4.959999999999448	-1.007934984735811	11.768548463130514
4.979999999999402	-1.0851095577351153	11.817724069129003
4.999999999999355	-1.153748115762677	11.863426595909035
5.019999999999309	-1.096584255539204	11.901852610636384
5.039999999999262	-0.8795080891345576	11.932335242386666
5.059999999999215	-0.7518587941395662	11.956817691156408
5.079999999999169	-0.7119929534770566	11.979242317568207
5.099999999999122	-0.672147420499707	12.003765919297557
5.1199999999990755	-0.617992226049614	12.03364888002702
5.139999999999029	-0.5594238406242726	12.070631821642287
5.159999999998982	-0.5042225579590922	12.11551490850903
5.179999999998936	-0.44271725820099994	12.168735362354619
5.199999999998889	-0.3191595581184622	12.230677365518623
5.2199999999988425	-0.10315998625732326	12.301496294218232
5.239999999998796	0.11619417209450594	12.379046674988484
5.259999999998749	0.25693626631594174	12.458590070050967
5.279999999998703	0.31721146498711666	12.536573866273248
5.299999999998656	0.32787817279579906	12.611008544586495
5.319999999998609	0.31456593600903215	12.680401223785719
5.339999999998563	0.28633099155918423	12.746817670478165
5.359999999998516	0.249757383275668	12.814383931340556
5.37999999999847	0.20166603519414664	12.884433853338182
5.399999999998423	0.11430897964912194	12.95558903112187
5.419999999998376	-0.004551661853336655	13.025996620030337
5.43999999999833	-0.12052451124253145	13.092876500701175
5.459999999998283	-0.17404289789616537	13.153469030460776
5.4799999999982365	-0.13056949549480984	13.206480432423529
5.49999999999819	0.016287210571986822	13.24878162464561
5.519999999998143	0.19741746867715637	13.27614728477515
5.539999999998097	0.24372240131495196	13.291466526507358
5.55999999999805	0.18536769834708955	13.30396370986917
5.5799999999980034	0.1276866163364535	13.319470440923924
5.599999999997957	0.07764105018398454	13.340021535140375
5.61999999999791	0.027767728754660874	13.365981011869502
5.639999999997864	0.017124017223226755	13.39701445063012
5.659999999997817	0.058333922567294964	13.43181579713396
5.67999999999777	0.06953568325481246	13.466498039862213
5.699999999997724	0.041277357342161564	13.498683448996402
5.719999999997677	-0.0022737083242746346	13.529410534012193
5.7399999999976306	-0.06260285374810377	13.559033228505378
5.759999999997584	-0.1337454064548974	13.585800640742123
5.779999999997537	-0.18103316436506958	13.608520623034915
5.799999999997491	-0.19416597743610964	13.627965755462462
5.819999999997444	-0.18918441499114735	13.645429079048709
5.8399999999973975	-0.18120367898142462	13.661968889781381
5.859999999997351	-0.17841170604094359	13.67845359086562
5.879999999997304	-0.18397393526465028	13.695616480642544
5.899999999997258	-0.19718539231004434	13.713978453336681
5.919999999997211	-0.2135814291834514	13.733635244977874
5.939999999997164	-0.22639026258314168	13.754046909343996
5.959999999997118	-0.23394606554054562	13.774286484162062
5.979999999997071	-0.24954356949369622	13.794108860943284
5.999999999997025	-0.29276453931378943	13.81348248242813
6.019999999996978	-0.3429171561953453	13.831864199778312
6.039999999996931	-0.35755618596051997	13.85133828169538
6.059999999996885	-0.33330861590555827	13.875072667638564
6.079999999996838	-0.2720993364539632	13.904903153489668
6.0999999999967915	-0.18753173694357733	13.940753596977972
6.119999999996745	-0.12181812826402816	13.97876004581809
6.139999999996698	-0.11121945516617222	14.010706167068836
6.159999999996652	-0.1239459676948022	14.029561153281016
6.179999999996605	-0.10942968376518784	14.037453890086908
6.1999999999965585	-0.08284669024131892	14.040923649525615
6.219999999996512	-0.04466187022543977	14.04517067649213
6.239999999996465	0.09089258308427091	14.05998053210442
6.259999999996419	0.2949914626740285	14.102003735403606
6.279999999996372	0.4226564815750858	14.171922078440494
6.299999999996325	0.48616596408448004	14.25601619028355
6.319999999996279	0.5165318356917311	14.345288061456777
6.339999999996232	0.5346237585095236	14.43585470910218
6.359999999996186	0.5609604132435387	14.525075531461702
6.379999999996139	0.6210594257636675	14.613033662845048
6.399999999996092	0.6769031911481607	14.702371328434076
6.419999999996046	0.6532084680357625	14.789842373063305
6.439999999995999	0.5992719416545411	14.870414729106132
6.4599999999959525	0.5626439853593844	14.946684808360455
6.479999999995906	0.5375365831410364	15.022120823636206
6.499999999995859	0.5171997230923036	15.097229301235425
6.519999999995813	0.49413592877080154	15.171299431676449
6.539999999995766	0.4577048726266952	15.24342397948805
6.5599999999957195	0.40316382197868506	15.31253088802593
6.579999999995673	0.34016407335659266	15.377628521317185
6.599999999995626	0.28471105630910865	15.438768317366065
6.61999999999558	0.24324489672858615	15.497531383137062
6.639999999995533	0.22159693302548272	15.556892491474146
6.659999999995486	0.24052719255191135	15.61985176496887
6.67999999999544	0.2890428008824235	15.68779633460091
6.699999999995393	0.333585284299946	15.760438167347477
6.719999999995347	0.35402216583671503	15.837757496326013
6.7399999999953	0.38680947390221826	15.920705874682017
6.759999999995253	0.4753180475967527	16.00934396580817
6.779999999995207	0.5839173578139538	16.102404000409795
6.79999999999516	0.6415991089308739	16.19834380713545
6.8199999999951135	0.638803172582771	16.297169993668568
6.839999999995067	0.618065332869137	16.399849648814985
6.85999999999502	0.6015815022149238	16.50688606393433
6.879999999994974	0.56875836345427	16.618362521895893
6.899999999994927	0.49203701322644844	16.734049868725993
6.9199999999948805	0.39381292901727016	16.852789130721803
6.939999999994834	0.3086792083488186	16.97253964968101
6.959999999994787	0.2560278031414902	17.090036072537213
6.979999999994741	0.2758898665380846	17.19910522267946
6.999999999994694	0.37655545426652487	17.291498409206454
7.019999999994647	0.45543771665309146	17.367476956817153
7.039999999994601	0.4653338932364183	17.434496186547722
7.059999999994554	0.4107469290074406	17.49593598649649
7.079999999994508	0.3795952250995816	17.550659821843798
7.099999999994461	0.3915369422841375	17.598003155432092
7.119999999994414	0.35200510777463245	17.64135146890037
7.139999999994368	0.2069855749322339	17.68966411345122
7.159999999994321	0.0796287730788433	17.744466875290797
7.1799999999942745	-0.023757355519190577	17.800176771330474
7.199999999994228	-0.11087634855668994	17.856210589822265
7.219999999994181	-0.15667080968254565	17.91094194254023
7.239999999994135	-0.15682264413682	17.958765135854065
7.259999999994088	-0.12292114882846424	17.997877813472225
7.2799999999940415	-0.07947084453819231	18.033703762164635
7.299999999993995	-0.04206885507886992	18.070168292143958
7.319999999993948	-0.0095357944371382	18.108653326182925
7.339999999993902	0.01674909683790477	18.14949199746336
7.359999999993855	0.025949777276152445	18.191698929367774
7.379999999993808	0.014552747447131151	18.23413650660465
7.399999999993762	-0.01507983773246802	18.277536348506654
7.419999999993715	-0.058406692405471625	18.3236890268618
7.439999999993669	-0.09486025144004964	18.374373563243804
7.459999999993622	-0.09450303856231679	18.429727149579676
7.479999999993575	-0.038732687002824104	18.483705725321542
7.499999999993529	0.07748185029329607	18.529435777489045
7.519999999993482	0.2913087970273097	18.569641082183747
7.5399999999934355	0.5456225904279863	18.609320621577538
7.559999999993389	0.6864024114306682	18.65192866682285
7.579999999993342	0.7010419046411299	18.698740251322317
7.599999999993296	0.6539904397588623	18.749584744869452
7.619999999993249	0.6035227056958352	18.804428592459978
7.6399999999932025	0.5699972458722751	18.863889536216305
7.659999999993156	0.5115134315025809	18.927366322370826
7.679999999993109	0.39837668114002833	18.990922163877464
7.699999999993063	0.2602754427366355	19.049229933686846
7.719999999993016	0.16895248350133513	19.101168262306075
7.739999999992969	0.11171418564557756	19.1496351733506
7.759999999992923	0.057947093392178683	19.197511867583277
7.779999999992876	0.007196622442417588	19.246216203940847
7.79999999999283	-0.025197169335546034	19.29600125236543
7.819999999992783	-0.015680998788975255	19.346189242180653
7.839999999992736	0.03607081006669787	19.395174492550183
7.85999999999269	0.08431639680400908	19.44243428380945
7.879999999992643	0.09741736283123294	19.489220240151067
7.8999999999925965	0.04490779640884043	19.53616733048137
7.91999999999255	-0.0935942750524597	19.582340331144188
7.939999999992503	-0.2385559474014092	19.626752161406813
7.959999999992457	-0.3380988810638723	19.67000216549165
7.97999999999241	-0.4048520711321021	19.71337055957718
7.999999999992363	-0.44253103379886427	19.75859656309784
8.019999999992317	-0.4468771997790022	19.807307247307445
8.03999999999227	-0.4153707817145398	19.860010173431963
8.059999999992224	-0.35858010075774643	19.916247629688772
8.079999999992177	-0.33011888724733013	19.975857960423216
8.09999999999213	-0.37558782001753244	20.03975610574985
8.119999999992084	-0.4451841957314272	20.109806774584303
8.139999999992037	-0.42946937398063656	20.187503554923826
8.15999999999199	-0.30347675452969197	20.271948957006607
8.179999999991944	-0.14770593923159392	20.359683516285873
8.199999999991897	-0.07621418726757198	20.448241109575203
8.21999999999185	-0.08001650535509229	20.537959703503763
8.239999999991804	-0.09933185439333517	20.630106684491224
8.259999999991757	-0.09512833786090391	20.72589639207868
8.27999999999171	-0.05160424790294216	20.82634676611501
8.299999999991664	0.025778509594243056	20.931669629316858
8.319999999991618	0.11729348813100658	21.041687888638425
8.339999999991571	0.18900336280733732	21.156008832556246
8.359999999991524	0.20142656817707408	21.27295811741049
8.379999999991478	0.15193773913766498	21.390523592813906
8.399999999991431	0.09402440629020888	21.507987913298308
8.419999999991385	0.10263675304596828	21.626760235302207
8.439999999991338	0.25550155359377275	21.749801271053954
8.459999999991291	0.4714356153888417	21.879717288675792
8.479999999991245	0.5465890602353943	22.015772660804256
8.499999999991198	0.5090906493925154	22.1550133721781
8.519999999991152	0.40496884090977686	22.292993712231752
8.539999999991105	0.2741780366014862	22.422758982643078
8.559999999991058	0.2103392535329535	22.538819436856876
8.579999999991012	0.27020884603211703	22.640783364198224
8.599999999990965	0.40405912349284867	22.72912268561653
8.619999999990918	0.5182486251424062	22.80662116003687
8.639999999990872	0.579585317217266	22.878874563120853
8.659999999990825	0.6053940988934133	22.949407324153082
8.679999999990779	0.585456143820654	23.019353248632765
8.699999999990732	0.5247208967248074	23.08972039859353
8.719999999990685	0.4710121294631179	23.16064795587768
8.739999999990639	0.4361945673709872	23.23131228381104
8.759999999990592	0.4122716975956069	23.30193678707431
8.779999999990546	0.4058362523475779	23.373192628784572
8.799999999990499	0.4225777474378536	23.44546903753376
8.819999999990452	0.457039763006091	23.519462458125428
8.839999999990406	0.47512268141375896	23.596776846924215
8.85999999999036	0.4145479871031319	23.679720634934835
8.879999999990313	0.31377096155895323	23.770846878851806
8.899999999990266	0.30267590073845674	23.871533423678088
8.91999999999022	0.47099465198855456	23.97896580785384
8.939999999990173	0.8435293149592238	24.084979297238924
8.959999999990126	1.0674347502480368	24.187296669337158
8.97999999999008	1.103915344224951	24.29380809890471
8.999999999990033	1.0545373272781553	24.40947646822915
