# t	u	ec	e	T	P
0.019999999999999934	-0.592885126318995	0.9458473475028346	0.3529622211838396	0.9458473475028346	0.8542529535809156
0.04000000000000012	-0.7102914803302934	1.0632534927314337	0.3529620124011403	1.0632534927314337	0.7914211250279447
0.06000000000000069	-0.9357138028341013	1.28867549736827	0.35296169453416854	1.28867549736827	0.7777281223484931
0.08000000000000126	-1.0865388847595217	1.439500701988213	0.35296181722869124	1.439500701988213	0.7854574472851583
0.10000000000000184	-1.150086215663307	1.5030481483678637	0.3529619327045566	1.5030481483678637	0.7832387230450252
0.12000000000000241	-1.1733695212817752	1.526331416474733	0.35296189519295795	1.526331416474733	0.7800606303359066
0.1400000000000009	-1.1853929952089204	1.5383551251769043	0.3529621299679839	1.5383551251769043	0.7767701975539026
0.1599999999999987	-1.192740115882308	1.5457022517609753	0.35296213587866704	1.5457022517609753	0.7845276567319832
0.1799999999999965	-1.1866362044599044	1.5395982604190623	0.3529620559591579	1.5395982604190623	0.7865899621673104
0.1999999999999943	-1.154030605676333	1.5069926356422554	0.3529620299659224	1.5069926356422554	0.7827091421315282
0.2199999999999921	-1.1029525083656841	1.4559145799693431	0.35296207160365894	1.4559145799693431	0.7760040039866198
0.2399999999999899	-1.0450711774475197	1.3980331249980487	0.35296194755052895	1.3980331249980487	0.7680682496899297
0.2599999999999877	-0.9325295495939983	1.2854914413526837	0.35296189175868536	1.2854914413526837	0.6988418800664082
0.2799999999999855	-0.7800525615169533	1.1330148018116946	0.35296224029474116	1.1330148018116946	0.5648271796464777
0.2999999999999833	-0.7826194206677874	1.13558165500062	0.35296223433283247	1.13558165500062	0.51787407735541
0.3199999999999811	-0.9292034682461537	1.2821654571537735	0.3529619889076197	1.2821654571537735	0.6807018175352756
0.3399999999999789	-1.0679084021238867	1.4208703962348506	0.3529619941109638	1.4208703962348506	0.7485572884100722
0.35999999999997667	-1.1731946792055536	1.5261567098753104	0.3529620306697568	1.5261567098753104	0.7551440815762249
0.37999999999997447	-1.2398492690118983	1.5928113220270046	0.3529620530151064	1.5928113220270046	0.7787814538035103
0.39999999999997227	-1.2722438653296093	1.6252059040149711	0.3529620386853618	1.6252059040149711	0.7970704528895792
0.41999999999997006	-1.2587341373411665	1.611696089811087	0.3529619524699204	1.611696089811087	0.8096115164937775
0.43999999999996786	-1.1787633927618777	1.5317253046027484	0.3529619118408705	1.5317253046027484	0.7776775667537059
0.45999999999996566	-1.0828916698926292	1.4358536322464959	0.35296196235386673	1.4358536322464959	0.7457397102250637
0.47999999999996346	-1.0272344747932611	1.3801964191197647	0.3529619443265035	1.3801964191197647	0.7229424265014424
0.49999999999996125	-1.0406574877443007	1.3936194209875794	0.35296193324327874	1.3936194209875794	0.6827585745951384
0.519999999999959	-1.064272433459605	1.417233966555907	0.3529615330963021	1.417233966555907	0.6058124400907434
0.5399999999999568	-1.0614014769032212	1.4143637905599178	0.35296231365669656	1.4143637905599178	0.5565729414358818
0.5599999999999546	-1.2910154118325712	1.6439768124271057	0.3529614005945345	1.6439768124271057	0.7618995653696958
0.5799999999999524	-1.3561099294434567	1.709071515040631	0.3529615855971744	1.709071515040631	0.8321834463974125
0.5999999999999502	-1.2447216541284554	1.597683391550896	0.3529617374224405	1.597683391550896	0.7827866205339585
0.619999999999948	-1.1022538660703216	1.4552157870570641	0.35296192098674256	1.4552157870570641	0.7349613965715077
0.6399999999999458	-1.087333627621948	1.4402955139744895	0.35296188635254155	1.4402955139744895	0.7773322310808505
0.6599999999999436	-1.186817381023654	1.5397790294658893	0.3529616484422354	1.5397790294658893	0.8358342476836019
0.6799999999999414	-1.2609497722528564	1.613911241547699	0.3529614692948427	1.613911241547699	0.8454365199868312
0.6999999999999392	-1.2108287529641577	1.5637902638703276	0.3529615109061699	1.5637902638703276	0.7724878946861942
0.719999999999937	-1.0392507790936028	1.3922124483686085	0.3529616692750058	1.3922124483686085	0.6543038607285849
0.7399999999999348	-0.9118046227861547	1.264766762724921	0.35296213993876646	1.264766762724921	0.6343652162388751
0.7599999999999326	-1.0340837520809252	1.3870453054955894	0.3529615534146642	1.3870453054955894	0.6505994311041128
0.7799999999999304	-1.1619862005308859	1.5149478584067548	0.35296165787586903	1.5149478584067548	0.6835799975744119
0.7999999999999282	-1.237716528407916	1.590678399143751	0.3529618707358351	1.590678399143751	0.7400912388651951
0.819999999999926	-1.2921004120318702	1.645062364703156	0.35296195267128583	1.645062364703156	0.8315290249989001
0.8399999999999238	-1.3049673188776103	1.6579292669551964	0.3529619480775861	1.6579292669551964	0.8338673315466604
0.8599999999999216	-1.2829950546991657	1.635956995978523	0.35296194127935737	1.635956995978523	0.8360486312182334
0.8799999999999194	-1.2454797812370584	1.598441887017185	0.35296210578012677	1.598441887017185	0.8218911368077123
0.8999999999999172	-1.2293845424275487	1.5823467124370978	0.35296217000954927	1.5823467124370978	0.7956955999568255
0.919999999999915	-1.2315771218924751	1.5845392016031838	0.3529620797107087	1.5845392016031838	0.7757298101504536
0.9399999999999128	-1.218961145501507	1.571923278656039	0.352962133154532	1.571923278656039	0.7383861907538861
0.9599999999999106	-1.2433836827140567	1.5963458185165333	0.35296213580247665	1.5963458185165333	0.744078804484902
0.9799999999999084	-1.3031977534500907	1.6561595637659872	0.3529618103158964	1.6561595637659872	0.7833264829755267
0.9999999999999062	-1.290658488115641	1.64362019678468	0.3529617086690388	1.64362019678468	0.775280618990508
1.019999999999904	-1.1916041662180132	1.5445660958424627	0.3529619296244495	1.5445660958424627	0.7405204198919859
1.039999999999902	-1.1094284858009589	1.4623904557274232	0.3529619699264643	1.4623904557274232	0.6997076064909205
1.0599999999998997	-1.0735493648721357	1.4265113492760875	0.3529619844039517	1.4265113492760875	0.6698398897541838
1.0799999999998975	-1.0853006192266228	1.4382626550010311	0.3529620357744085	1.4382626550010311	0.731515228829988
1.0999999999998953	-1.1411942153218961	1.494156186170647	0.3529619708487509	1.494156186170647	0.7518563236707024
1.119999999999893	-1.2065151753272216	1.5594771940280685	0.35296201870084687	1.5594771940280685	0.7488929763229657
1.1399999999998909	-1.3009039234936	1.653865809292856	0.35296188579925597	1.653865809292856	0.8465418303630199
1.1599999999998887	-1.3822893301930386	1.735251091461634	0.35296176126859535	1.735251091461634	0.8733266076652711
1.1799999999998865	-1.4044549769345378	1.7574167727350838	0.352961795800546	1.7574167727350838	0.8565021404188513
1.1999999999998843	-1.3765909401926322	1.7295526080061652	0.35296166781353294	1.7295526080061652	0.8747846581959549
1.219999999999882	-1.3189169132349625	1.6718784745469017	0.35296156131193923	1.6718784745469017	0.8987527068335013
1.2399999999998799	-1.2298620812654013	1.582823813198946	0.35296173193354463	1.582823813198946	0.8821551410030768
1.2599999999998777	-1.2002809532438272	1.5532427143544791	0.3529617611106519	1.5532427143544791	0.9050728917604297
1.2799999999998755	-1.231202283791785	1.584163950861903	0.35296166707011806	1.584163950861903	0.9024288836943548
1.2999999999998733	-1.2298735858416097	1.5828354131597486	0.35296182731813913	1.5828354131597486	0.8542232904752127
1.319999999999871	-1.2112930336734824	1.564254924626465	0.3529618909529826	1.564254924626465	0.8207603830982696
1.3399999999998689	-1.1956740580121157	1.5486359402572802	0.3529618822451644	1.5486359402572802	0.8220846846478537
1.3599999999998666	-1.2049302379759523	1.557892124654516	0.3529618866785637	1.557892124654516	0.7906383342256834
1.3799999999998644	-1.2327370665776918	1.5856986994244622	0.3529616328467705	1.5856986994244622	0.7779919118442993
1.3999999999998622	-1.1678146414777852	1.520776469634676	0.3529618281568908	1.520776469634676	0.7433101833970845
1.41999999999986	-1.0710181117916315	1.4239800473580724	0.3529619355664407	1.4239800473580724	0.708844067278808
1.4399999999998578	-1.0034266768606874	1.3563886974200514	0.35296202055936393	1.3563886974200514	0.6608487967702193
1.4599999999998556	-1.0026541550264465	1.3556161106847753	0.3529619556583289	1.3556161106847753	0.6346483577805907
1.4799999999998534	-1.033829549166598	1.386791335607457	0.35296178644085885	1.386791335607457	0.7519211247393316
1.4999999999998512	-1.0995280625252206	1.4524900933649407	0.35296203083972016	1.4524900933649407	0.849298110147404
1.519999999999849	-1.2203667162375016	1.5733284761620172	0.3529617599245157	1.5733284761620172	0.8712719225450362
1.5399999999998468	-1.2549557974583525	1.6079178138289734	0.35296201637062097	1.6079178138289734	0.8556338454229981
1.5599999999998446	-1.2406753026751165	1.5936372993914842	0.3529619967163676	1.5936372993914842	0.8212063864818371
1.5799999999998424	-1.139061734177961	1.4920236014833563	0.3529618673053953	1.4920236014833563	0.813662106686714
1.5999999999998402	-0.9345221924361752	1.2874839018193844	0.35296170938320925	1.2874839018193844	0.7814781962045483
1.619999999999838	-0.6945678529994075	1.047530719613395	0.3529628666139875	1.047530719613395	0.8040094671892701
1.6399999999998358	-0.9381702950308959	1.2911318414514172	0.35296154642052147	1.2911318414514172	0.8467752794550176
1.6599999999998336	-1.1870707161150535	1.5400325135712192	0.35296179745616557	1.5400325135712192	0.8760083558353478
1.6799999999998314	-1.2844757058226892	1.6374378560358815	0.35296215021319227	1.6374378560358815	0.8565043961739924
1.6999999999998292	-1.328871247452369	1.6818334328848263	0.35296218543245744	1.6818334328848263	0.88819437929735
1.719999999999827	-1.3422684455553267	1.6952305283956743	0.35296208284034775	1.6952305283956743	0.8523702097285066
1.7399999999998248	-1.3097106287445046	1.6626726873918503	0.3529620586473456	1.6626726873918503	0.8277708619805368
1.7599999999998226	-1.1967824714219346	1.5497444465931076	0.35296197517117306	1.5497444465931076	0.7287935981842101
1.7799999999998204	-1.0260188124252005	1.378981125875682	0.3529623134504813	1.378981125875682	0.624813350846786
1.7999999999998182	-0.978119232438285	1.3310816468842805	0.35296241444599546	1.3310816468842805	0.5706627349425003
1.819999999999816	-1.110520649461175	1.4634825747409395	0.3529619252797643	1.4634825747409395	0.708381017320516
1.8399999999998138	-1.199317859598777	1.5522797794127572	0.35296191981398023	1.5522797794127572	0.8087249093233362
1.8599999999998116	-1.2144353392758773	1.5673972890508758	0.3529619497749985	1.5673972890508758	0.8005229651265315
1.8799999999998094	-1.1957718323176783	1.5487336638634757	0.35296183154579736	1.5487336638634757	0.7098660443794015
1.8999999999998072	-1.0723324390845974	1.4252945156976964	0.3529620766130989	1.4252945156976964	0.5406864189657814
1.919999999999805	-1.0116261626908993	1.3645884358884572	0.352962273197558	1.3645884358884572	0.5898005353373557
1.9399999999998028	-1.0989116031506305	1.4518733731707059	0.3529617700200752	1.4518733731707059	0.6648517088851519
1.9599999999998006	-1.1421017190527873	1.495063693861066	0.35296197480827873	1.495063693861066	0.7641092552173838
1.9799999999997984	-1.2027990051864426	1.5557609624998716	0.35296195731342905	1.5557609624998716	0.8176778706574687
1.9999999999997962	-1.2398131333292823	1.5927749192949825	0.35296178596570016	1.5927749192949825	0.8468720480903946
2.0199999999998384	-1.1564447589492775	1.509406362545968	0.3529616035966906	1.509406362545968	0.7734244912011201
2.0399999999998806	-0.9515597727401005	1.3045220051899202	0.3529622324498196	1.3045220051899202	0.6040514200620981
2.059999999999923	-0.9262330557062242	1.2791950645167385	0.3529620088105142	1.2791950645167385	0.658081774069296
2.079999999999965	-1.041554720516179	1.3945164477484067	0.3529617272322277	1.3945164477484067	0.7650159493884449
2.100000000000007	-1.0856855427473944	1.4386472257364866	0.35296168298909225	1.4386472257364866	0.7556110702080941
2.1200000000000494	-1.0133620992196792	1.3663240634733131	0.3529619642536339	1.3663240634733131	0.6937960631174381
2.1400000000000916	-0.9719852379294109	1.324947449867018	0.352962211937607	1.324947449867018	0.6570544767073143
2.160000000000134	-1.0792655811608665	1.4322274977520764	0.3529619165912099	1.4322274977520764	0.7405901753023336
2.180000000000176	-1.1804681212509112	1.5334300453500895	0.35296192409917837	1.5334300453500895	0.7873069933259617
2.2000000000002182	-1.2149286397664276	1.5678906764266909	0.35296203666026343	1.5678906764266909	0.8184205351066556
2.2200000000002604	-1.2259866466595455	1.5789487684578993	0.3529621217983538	1.5789487684578993	0.8229040835007603
2.2400000000003026	-1.2648889442997542	1.6178511227098815	0.35296217841012734	1.6178511227098815	0.8394061354175602
2.260000000000345	-1.31438385834395	1.6673459633480225	0.35296210500407255	1.6673459633480225	0.8595959448048566
2.280000000000387	-1.3291325501814166	1.6820945801458	0.35296202996438353	1.6820945801458	0.8515364554897621
2.3000000000004293	-1.2689739282027042	1.6219360194079164	0.35296209120521227	1.6219360194079164	0.7553130500224693
2.3200000000004715	-1.1818055241969945	1.5347680510861506	0.352962526889156	1.5347680510861506	0.6265122648879032
2.3400000000005137	-1.244193164494255	1.5971553191791248	0.35296215468486963	1.5971553191791248	0.7098706162181109
2.360000000000556	-1.3200025910710695	1.6729646967145917	0.3529621056435221	1.6729646967145917	0.8257313118356308
2.380000000000598	-1.3074863725850383	1.6604484872459406	0.35296211466090227	1.6604484872459406	0.861569772796028
2.4000000000006403	-1.234152892234103	1.587115029965575	0.352962137731472	1.587115029965575	0.8557458344196612
2.4200000000006825	-1.136633976523033	1.4895961826622348	0.3529622061392018	1.4895961826622348	0.8298689670194216
2.4400000000007247	-1.1183460232325357	1.4713083602091097	0.35296233697657414	1.4713083602091097	0.8471651958041544
2.460000000000767	-1.2167282716869137	1.5696902282808118	0.35296195659389823	1.5696902282808118	0.8464816659398428
2.480000000000809	-1.2718081410253277	1.6247701370078307	0.35296199598250283	1.6247701370078307	0.8119032340007525
2.5000000000008513	-1.2620788029204417	1.6150408863123797	0.35296208339193813	1.6150408863123797	0.7984391008811302
2.5200000000008935	-1.2249771904780788	1.5779393256447765	0.35296213516669767	1.5779393256447765	0.7721066801255216
2.5400000000009357	-1.2070284686705282	1.55999044241983	0.3529619737493019	1.55999044241983	0.7157449873681825
2.560000000000978	-1.174153980853163	1.527115881383809	0.3529619005306461	1.527115881383809	0.6765760497187119
2.58000000000102	-1.138350705501278	1.4913130681077738	0.35296236260649566	1.4913130681077738	0.6007795154999367
2.6000000000010624	-1.255414570014696	1.608376503610885	0.3529619335961891	1.608376503610885	0.7254960845362741
2.6200000000011046	-1.3465800631650933	1.6995419480668317	0.35296188490173847	1.6995419480668317	0.8576972722384657
2.6400000000011468	-1.3465267948814974	1.6994886329355612	0.3529618380540637	1.6994886329355612	0.8711255916380617
2.660000000001189	-1.2604500299921302	1.6134117590530896	0.35296172906095946	1.6134117590530896	0.8502469628877993
2.680000000001231	-1.1367701765774425	1.4897320739380353	0.3529618973605929	1.4897320739380353	0.7732107396030891
2.7000000000012734	-1.07273116634697	1.4256929087698402	0.3529617424228701	1.4256929087698402	0.7065676231451973
2.7200000000013156	-1.0112606887045337	1.364222601445182	0.35296191274064825	1.364222601445182	0.6832565322641487
2.740000000001358	-1.0080743271368369	1.361036289722803	0.35296196258596607	1.361036289722803	0.7124082250774953
2.7600000000014	-1.0781802056243033	1.4311422428850846	0.35296203726078146	1.4311422428850846	0.7366644063693392
2.780000000001442	-1.1915107622172363	1.5444727111229761	0.35296194890573984	1.5444727111229761	0.7789979705627881
2.8000000000014844	-1.2794629390389647	1.6324248855832588	0.35296194654429414	1.6324248855832588	0.7898894624763799
2.8200000000015266	-1.316292461240322	1.6692544565810101	0.3529619953406882	1.6692544565810101	0.7860859099320904
2.840000000001569	-1.2971309092912964	1.6500927906236575	0.35296188133236117	1.6500927906236575	0.7243617191971452
2.860000000001611	-1.2272204012853882	1.5801824392055763	0.35296203792018815	1.5801824392055763	0.6073522310778787
2.8800000000016532	-1.2113215394121748	1.5642836726159157	0.3529621332037409	1.5642836726159157	0.5283047128471858
2.9000000000016954	-1.30060340770956	1.6535651205254664	0.3529617128159063	1.6535651205254664	0.7870842757684716
2.9200000000017377	-1.3049626988727059	1.6579246341752056	0.3529619353024998	1.6579246341752056	1.032647297707232
2.94000000000178	-1.2966193672064372	1.6495814348691844	0.35296206766274707	1.6495814348691844	1.1068250273940359
2.960000000001822	-1.3156091181518412	1.6685708028305415	0.3529616846787005	1.6685708028305415	1.0116287208686692
2.9800000000018643	-1.1988122646915682	1.551774085592759	0.35296182090119077	1.551774085592759	0.8548636873562948
3.0000000000019065	-1.0301423494446573	1.3831045005769784	0.35296215113232093	1.3831045005769784	0.5895432065213609
3.0200000000019487	-1.0125112359923245	1.3654734298850573	0.35296219389273276	1.3654734298850573	0.5504514244172102
3.040000000001991	-1.189086809084714	1.5420486327637049	0.35296182367899076	1.5420486327637049	0.7348582432411981
3.060000000002033	-1.3293203550276298	1.6822822003084819	0.35296184528085206	1.6822822003084819	0.8635202766992071
3.0800000000020753	-1.3548401342174834	1.7078021157736665	0.3529619815561833	1.7078021157736665	0.8945411398384886
3.1000000000021175	-1.3386573662596786	1.6916194208643502	0.3529620546046718	1.6916194208643502	0.9038267006277859
3.1200000000021597	-1.3283524113618534	1.6813143871559078	0.3529619757940543	1.6813143871559078	0.9078648560723794
3.140000000002202	-1.3273029380903223	1.6802648052284856	0.3529618671381635	1.6802648052284856	0.8945924231958947
3.160000000002244	-1.2839389549290048	1.636900668322179	0.3529617133931742	1.636900668322179	0.895731956551851
3.1800000000022863	-1.1634608564177986	1.5164227721622772	0.3529619157444786	1.5164227721622772	0.8343034138531359
3.2000000000023285	-1.0890290631982575	1.4419911821271376	0.35296211892887996	1.4419911821271376	0.7905487177175703
3.2200000000023707	-1.14954258124172	1.5025044406398902	0.3529618593981704	1.5025044406398902	0.799262341076148
3.240000000002413	-1.2151361465953254	1.5680979364239176	0.35296178982859205	1.5680979364239176	0.7586584594197944
3.260000000002455	-1.2138890578823274	1.566850956557274	0.3529618986749465	1.566850956557274	0.7885224356857607
3.2800000000024974	-1.1990980609675352	1.5520599159966384	0.3529618550291032	1.5520599159966384	0.7664922163104608
3.3000000000025396	-1.175597509412109	1.5285593201234187	0.3529618107113097	1.5285593201234187	0.6902010392605037
3.3200000000025818	-1.172740489017647	1.5257023875917721	0.35296189857412513	1.5257023875917721	0.6579960363485979
3.340000000002624	-1.2361645862296538	1.5891262300128404	0.3529616437831866	1.5891262300128404	0.8016267343115228
3.360000000002666	-1.2482595370616745	1.601221305121392	0.3529617680597175	1.601221305121392	0.8906026031004414
3.3800000000027084	-1.2347740859786565	1.5877359396854596	0.35296185370680305	1.5877359396854596	0.9302440973987514
3.4000000000027506	-1.2664195335565864	1.6193814569502618	0.3529619233936754	1.6193814569502618	0.8474346474216148
3.420000000002793	-1.3437351362519618	1.69669675489641	0.35296161864444825	1.69669675489641	0.8224652832213206
3.440000000002835	-1.3810331625766141	1.73399480910432	0.35296164652770584	1.73399480910432	0.8105775973302409
3.460000000002877	-1.350492311945544	1.703453816795703	0.35296150485015887	1.703453816795703	0.8010872879694244
3.4800000000029194	-1.2090123920484404	1.561973885655832	0.35296149360739165	1.561973885655832	0.7471055431964548
3.5000000000029616	-0.9983595218466356	1.3513211722842349	0.35296165043759925	1.3513211722842349	0.6249650262512241
3.520000000003004	-0.8906524310460311	1.2436143552986583	0.3529619242526272	1.2436143552986583	0.6721245675908043
3.540000000003046	-1.0357118125411067	1.3886735718616898	0.35296175932058316	1.3886735718616898	0.8366774206653499
3.5600000000030882	-1.2534843087993834	1.6064457338010478	0.3529614250016644	1.6064457338010478	0.9499913278095873
3.5800000000031305	-1.2884792652848704	1.641440696567872	0.35296143128300145	1.641440696567872	0.9529524951262883
3.6000000000031727	-1.1296953313928804	1.4826573107938106	0.3529619794009301	1.4826573107938106	0.8684348276553228
3.620000000003215	-1.07802507104521	1.4309873222415568	0.35296225119634683	1.4309873222415568	0.7594333092559091
3.640000000003257	-1.2415232647381849	1.5944849318825955	0.35296166714441085	1.5944849318825955	0.7986858283189924
3.6600000000032993	-1.3154957261684816	1.6684574675614825	0.3529617413930009	1.6684574675614825	0.8197063612430868
3.6800000000033415	-1.2673729289130151	1.6203348831896514	0.3529619542766362	1.6203348831896514	0.832895322252477
3.7000000000033837	-1.1734321759468105	1.526394257123016	0.35296208117620553	1.526394257123016	0.8254473122048996
3.720000000003426	-1.1158469917414688	1.4688090559098381	0.3529620641683694	1.4688090559098381	0.7860855915841356
3.740000000003468	-1.097978767087624	1.4509407799748713	0.35296201288724716	1.4509407799748713	0.7019874221147642
3.7600000000035103	-1.1182117234959814	1.4711738599614554	0.35296213646547403	1.4711738599614554	0.6680399399013028
3.7800000000035525	-1.1952850878849564	1.5482469467280127	0.35296185884305614	1.5482469467280127	0.7710372064048561
3.8000000000035947	-1.2121583875108675	1.5651203540449279	0.3529619665340606	1.5651203540449279	0.8069581751366148
3.820000000003637	-1.1902469837671497	1.5432088344802812	0.35296185071313163	1.5432088344802812	0.8612845574849346
3.840000000003679	-1.1874929618011434	1.5404549739824747	0.3529620121813315	1.5404549739824747	0.8873483568630652
3.8600000000037213	-1.2305991590734155	1.5835606585989266	0.35296149952551104	1.5835606585989266	0.8457890538668469
3.8800000000037635	-1.1121414688938693	1.4651034225699084	0.352961953676039	1.4651034225699084	0.7850698945540959
3.9000000000038058	-1.103861063720071	1.4568230551741055	0.3529619914540345	1.4568230551741055	0.8101046810946184
3.920000000003848	-1.232872844489111	1.5858342600043418	0.3529614155152308	1.5858342600043418	0.8074366864401262
3.94000000000389	-1.1601413262474733	1.5131027558729206	0.35296142962544735	1.5131027558729206	0.6579168014402761
3.9600000000039324	-0.9830245286581372	1.3359869493586385	0.35296242070050127	1.3359869493586385	0.4300191303038826
3.9800000000039746	-1.1306767118712975	1.4836383555559494	0.3529616436846518	1.4836383555559494	0.6191168574043273
4.000000000004016	-1.2996892474293997	1.652650808748335	0.35296156131893525	1.652650808748335	0.7865341115302845
4.02000000000397	-1.3157515786865617	1.668713298780382	0.3529617200938205	1.668713298780382	0.7805699270537951
4.040000000003923	-1.2581956178643028	1.61115743588077	0.35296181801646725	1.61115743588077	0.7370387284902625
4.0600000000038765	-1.2247786362192323	1.5777404606882641	0.35296182446903174	1.5777404606882641	0.6964887648394922
4.08000000000383	-1.2295615426859978	1.5825232112267895	0.35296166854079175	1.5825232112267895	0.7481822267518486
4.100000000003783	-1.2041151980880958	1.5570768267800894	0.35296162869199377	1.5570768267800894	0.7619166625845921
4.120000000003737	-1.1932799032365649	1.5462417228100285	0.3529618195734635	1.5462417228100285	0.762048056863507
4.14000000000369	-1.2587796769415922	1.6117413376455252	0.35296166070393314	1.6117413376455252	0.8391204202777304
4.1600000000036434	-1.3067765672399383	1.659738238437551	0.3529616711976126	1.659738238437551	0.8376591378824705
4.180000000003597	-1.3274139705978873	1.6803756339928042	0.3529616633949169	1.6803756339928042	0.8515189194072688
4.20000000000355	-1.3412639677368259	1.6942255591795812	0.3529615914427552	1.6942255591795812	0.875435880708597
4.220000000003504	-1.3471352463585191	1.7000968112777	0.35296156491918085	1.7000968112777	0.9078858165755576
4.240000000003457	-1.346374878619528	1.699336415303368	0.3529615366838402	1.699336415303368	0.9197872343070592
4.26000000000341	-1.343820621953874	1.6967821995211887	0.3529615775673147	1.6967821995211887	0.9137118741752975
4.280000000003364	-1.3305346935432465	1.6834961528296049	0.35296145928635836	1.6834961528296049	0.8907292284912961
4.300000000003317	-1.2869397313202964	1.6399012413410616	0.35296151002076526	1.6399012413410616	0.8191344200238133
4.320000000003271	-1.2139768523162267	1.5669383845191611	0.35296153220293464	1.5669383845191611	0.7848338024559122
4.340000000003224	-1.1483596228219382	1.5013213974681263	0.3529617746461882	1.5013213974681263	0.6996910054454403
4.360000000003177	-1.205585780607495	1.5585472937219758	0.3529615131144807	1.5585472937219758	0.7310579736744156
4.380000000003131	-1.2685102821876864	1.6214716034935017	0.3529613213058154	1.6214716034935017	0.8459483498128345
4.400000000003084	-1.1961100333448051	1.54907146134377	0.35296142799896485	1.54907146134377	0.8737055679272251
4.4200000000030375	-1.0533691614577234	1.40633090033938	0.35296173888165666	1.40633090033938	0.8218320233878907
4.440000000002991	-1.0315581711036923	1.384519996064477	0.3529618249607846	1.384519996064477	0.945072286059254
4.460000000002944	-1.1746903626422975	1.527651809679206	0.35296144703690857	1.527651809679206	0.944900919604152
4.480000000002898	-1.3036762055455737	1.6566375598230556	0.352961354277482	1.6566375598230556	0.938983545953198
4.500000000002851	-1.3188183978260977	1.671779953110136	0.3529615552840383	1.671779953110136	0.8948504457362776
4.520000000002804	-1.2439914281230648	1.5969528129956239	0.3529613848725592	1.5969528129956239	0.8484694375378266
4.540000000002758	-1.054504615745551	1.407466578969852	0.3529619632243008	1.407466578969852	0.8167762432972047
4.560000000002711	-1.1029249456076848	1.455886525693135	0.3529615800854501	1.455886525693135	0.7844206427381898
4.580000000002665	-1.2334184451376091	1.5863798942576488	0.3529614491200398	1.5863798942576488	0.7299560406332379
4.600000000002618	-1.1730627854962092	1.5260245489253448	0.3529617634291354	1.5260245489253448	0.612494978854661
4.620000000002571	-1.0774015344350596	1.430363359494785	0.3529618250597255	1.430363359494785	0.6140839573426866
4.640000000002525	-1.0220613201911097	1.3750235489454201	0.35296222875431027	1.3750235489454201	0.7485251390594209
4.660000000002478	-1.1565424835627653	1.5095043643360355	0.3529618807732702	1.5095043643360355	0.7878849543145541
4.6800000000024315	-1.2929206027734244	1.645882546166361	0.35296194339293663	1.645882546166361	0.7849541686333332
4.700000000002385	-1.3415390574571482	1.6945011183783982	0.35296206092125004	1.6945011183783982	0.8238561955702984
4.720000000002338	-1.325856168197449	1.6788183146891564	0.3529621464917074	1.6788183146891564	0.8296164405883905
4.740000000002292	-1.2489834376596105	1.6019456466999114	0.35296220904030096	1.6019456466999114	0.8204491955545522
4.760000000002245	-1.1257896026549288	1.4787519537521008	0.352962351097172	1.4787519537521008	0.787971846355361
4.7800000000021985	-1.050175826913296	1.4031383170869705	0.3529624901736746	1.4031383170869705	0.7569944518152024
4.800000000002152	-1.103907619704527	1.4568699576583959	0.35296233795386883	1.4568699576583959	0.8050621958386577
4.820000000002105	-1.208024312763016	1.560986428034048	0.3529621152710321	1.560986428034048	0.8078521314041386
4.840000000002059	-1.2180521900994863	1.5710143983649316	0.3529622082654454	1.5710143983649316	0.773910779443321
4.860000000002012	-1.139093925970573	1.4920563706387844	0.35296244466821136	1.4920563706387844	0.7294118774566826
4.880000000001965	-1.118906838274052	1.4718692949721677	0.3529624566981157	1.4718692949721677	0.7363035408229022
4.900000000001919	-1.1501527547219759	1.5031151514270644	0.35296239670508855	1.5031151514270644	0.7591844145396681
4.920000000001872	-1.1700667731721976	1.5230292323615182	0.35296245918932073	1.5230292323615182	0.7836757141514735
4.940000000001826	-1.1914306155943297	1.5443928043111526	0.352962188716823	1.5443928043111526	0.7688102570568899
4.960000000001779	-1.1773738915261078	1.5303360283757912	0.3529621368496832	1.5303360283757912	0.7936503559946161
4.980000000001732	-1.108575809255432	1.4615381976548645	0.35296238839943245	1.4615381976548645	0.7813487768105258
5.000000000001686	-1.078568093133585	1.4315303942658373	0.3529623011322521	1.4315303942658373	0.7853901085159409
5.020000000001639	-1.0608078353911623	1.413770115443895	0.3529622800527328	1.413770115443895	0.7944015447166042
5.0400000000015925	-1.0584017448467553	1.4113642161246895	0.35296247127793423	1.4113642161246895	0.8037303054254525
5.060000000001546	-1.159322599160232	1.5122848883705384	0.3529622892103065	1.5122848883705384	0.8911039936177763
5.080000000001499	-1.269108188209311	1.6220703201578275	0.3529621319485166	1.6220703201578275	0.9034921376005053
5.100000000001453	-1.2863672924840583	1.6393294996003567	0.35296220711629844	1.6393294996003567	0.8994457378379431
5.120000000001406	-1.2545638317258645	1.6075262458029769	0.3529624140771124	1.6075262458029769	0.8577594953467446
5.1400000000013595	-1.259780395245168	1.612742840727716	0.3529624454825479	1.612742840727716	0.8411520133990712
5.160000000001313	-1.2900856405363543	1.6430480715134155	0.3529624309770611	1.6430480715134155	0.837081736328924
5.180000000001266	-1.3005094141589464	1.653471759994339	0.35296234583539243	1.653471759994339	0.85223023530321
5.20000000000122	-1.2602467106751707	1.6132090887151023	0.3529623780399315	1.6132090887151023	0.8096749590295557
5.220000000001173	-1.1965878207044403	1.5495505249006505	0.35296270419621023	1.5495505249006505	0.7836007806360693
5.240000000001126	-1.2004902201688887	1.5534528217303534	0.3529626015614646	1.5534528217303534	0.754014226707228
5.26000000000108	-1.2366801594227192	1.5896427134416329	0.3529625540189134	1.5896427134416329	0.7513481851893458
5.280000000001033	-1.2399058900678834	1.5928683534405612	0.3529624633726779	1.5928683534405612	0.7659735278412028
5.300000000000987	-1.1692914243795474	1.5222538732233803	0.352962448843833	1.5222538732233803	0.7373911019959287
5.32000000000094	-1.0598535357075634	1.4128161024954704	0.352962566787907	1.4128161024954704	0.7014291568851738
5.340000000000893	-1.006880428525447	1.3598429871772362	0.3529625586517893	1.3598429871772362	0.7197476658067025
5.360000000000847	-1.0776338891506718	1.4305963195818185	0.3529624304311467	1.4305963195818185	0.7192012723690245
5.3800000000008	-1.213153462973586	1.5661156406836327	0.3529621777100466	1.5661156406836327	0.7757927376864873
5.4000000000007535	-1.24341787096215	1.5963801150487873	0.35296224408663746	1.5963801150487873	0.7962680322776564
5.420000000000707	-1.1626630966693403	1.5156254166473175	0.35296231997797717	1.5156254166473175	0.7849461072173611
5.44000000000066	-1.0922822045912843	1.4452449159600302	0.35296271136874596	1.4452449159600302	0.7950592988108266
5.460000000000614	-1.1901858221814066	1.543147844685944	0.35296202250453734	1.543147844685944	0.8856251095545058
5.480000000000567	-1.1635418437107399	1.5165039063440218	0.3529620626332819	1.5165039063440218	0.9430800066251848
5.5000000000005205	-1.0197391893633558	1.3727014009864351	0.3529622116230793	1.3727014009864351	0.9014251088981822
5.520000000000474	-0.9555616305127859	1.3085244491695713	0.35296281865678536	1.3085244491695713	0.8317399998209263
5.540000000000427	-1.1900974063877576	1.5430589764335056	0.3529615700457481	1.5430589764335056	0.8203794789469798
5.560000000000381	-1.2589498820582683	1.6119120842784376	0.3529622022201691	1.6119120842784376	0.7335449191059012
5.580000000000334	-1.265960718130911	1.6189229832118017	0.3529622650808906	1.6189229832118017	0.8012475230488918
5.600000000000287	-1.2423534291705685	1.595315443541886	0.3529620143713174	1.595315443541886	0.7726668678579355
5.620000000000241	-1.079515395426206	1.4324781297263929	0.3529627343001867	1.4324781297263929	0.7333905911271208
5.640000000000194	-1.1274364855811503	1.4803989025618136	0.3529624169806634	1.4803989025618136	0.7447865946395184
5.660000000000148	-1.273792362131529	1.6267544949360293	0.35296213280450045	1.6267544949360293	0.8282583881291925
5.680000000000101	-1.2838167927443884	1.636778858858171	0.35296206611378267	1.636778858858171	0.817390505220712
5.700000000000054	-1.1525627353405832	1.505525034928266	0.35296229958768294	1.505525034928266	0.7438917775336681
5.720000000000008	-1.046125498131036	1.3990880606453695	0.3529625625143336	1.3990880606453695	0.6515214248965544
5.739999999999961	-1.1021049683083497	1.4550672071726762	0.35296223886432654	1.4550672071726762	0.6730979387543996
5.7599999999999145	-1.180163300761568	1.5331256242135316	0.3529623234519636	1.5331256242135316	0.7511970255527908
5.779999999999868	-1.2136344347776724	1.566596889616388	0.35296245483871574	1.566596889616388	0.7671973850068421
5.799999999999821	-1.2256226671770818	1.5785850465471156	0.35296237937003383	1.5785850465471156	0.78265263358564
5.819999999999775	-1.210218181545313	1.5631804659533308	0.3529622844080177	1.5631804659533308	0.7971924954573527
5.839999999999728	-1.163355138224088	1.5163176043594322	0.3529624661353442	1.5163176043594322	0.8032033544752311
5.8599999999996815	-1.1470103991540648	1.4999730041082986	0.352962604954234	1.4999730041082986	0.8081059879520223
5.879999999999635	-1.2184169782717098	1.5713793250532857	0.3529623467815759	1.5713793250532857	0.8616003039006103
5.899999999999588	-1.2550298691065889	1.6079919928378832	0.3529621237312942	1.6079919928378832	0.8901837476648047
5.919999999999542	-1.1641984663463745	1.517160976696152	0.3529625103497777	1.517160976696152	0.8927221979242481
5.939999999999495	-1.1328517342030076	1.4858140798349913	0.3529623456319838	1.4858140798349913	0.893052522193686
5.959999999999448	-1.1907976721353468	1.5437596289290925	0.35296195679374576	1.5437596289290925	0.848974636857546
5.979999999999402	-1.1378579461850997	1.4908201820979259	0.3529622359128261	1.4908201820979259	0.8290970741221468
5.999999999999355	-1.0959493476801196	1.4489111371820482	0.3529617895019285	1.4489111371820482	0.8005815007713745
6.019999999999309	-0.9190683976957799	1.272030492931945	0.35296209523616523	1.272030492931945	0.7145784362549956
6.039999999999262	-0.8859459348500137	1.2389085155374069	0.3529625806873932	1.2389085155374069	0.6629869742717021
6.059999999999215	-1.1821310535137852	1.5350927365373668	0.35296168302358155	1.5350927365373668	0.7005482260974338
6.079999999999169	-1.2999165039032399	1.6528784927139397	0.35296198881069984	1.6528784927139397	0.743393604097553
6.099999999999122	-1.2863956997161836	1.639357884855541	0.3529621851393574	1.639357884855541	0.7636426026429853
6.1199999999990755	-1.2492720509402035	1.6022343053459573	0.35296225440575385	1.6022343053459573	0.8055027176485259
6.139999999999029	-1.2125349470356612	1.5654971155744863	0.3529621685388251	1.5654971155744863	0.8292179380897171
6.159999999998982	-1.1826325559985666	1.5355947594236021	0.3529622034250356	1.5355947594236021	0.7588975776302184
6.179999999998936	-1.1859333365148494	1.5388954352559283	0.35296209874107903	1.5388954352559283	0.7477323752542085
6.199999999998889	-1.1746035270822106	1.5275654964989778	0.3529619694167671	1.5275654964989778	0.7022046014547523
6.2199999999988425	-1.1057776798179382	1.4587398118729302	0.352962132054992	1.4587398118729302	0.6465616944389488
6.239999999998796	-1.0641257717916417	1.4170878958417137	0.352962124050072	1.4170878958417137	0.6611476329033292
6.259999999998749	-1.088725058403949	1.441687242098516	0.3529621836945671	1.441687242098516	0.7058680575069265
6.279999999998703	-1.1615389795011766	1.5145009864004124	0.3529620068992357	1.5145009864004124	0.7513245618824327
6.299999999998656	-1.1886999922308517	1.541662169033588	0.35296217680273645	1.541662169033588	0.7839037061959065
6.319999999998609	-1.2176325659179592	1.5705946688966466	0.3529621029786874	1.5705946688966466	0.8126900959144641
6.339999999998563	-1.215694019952384	1.5686560340413627	0.3529620140889787	1.5686560340413627	0.8058073623131847
6.359999999998516	-1.1343284778540463	1.4872906784193476	0.3529622005653012	1.4872906784193476	0.7336739374950235
6.37999999999847	-1.0733072393544387	1.4262694912412366	0.35296225188679786	1.4262694912412366	0.6907603420529327
6.399999999998423	-1.0954488880176418	1.4484111075824735	0.35296221956483154	1.4484111075824735	0.6866758997277547
6.419999999998376	-1.164313980665456	1.5172759536724658	0.35296197300700966	1.5172759536724658	0.7500699057363975
6.43999999999833	-1.2056248483022778	1.5585868499976505	0.35296200169537256	1.5585868499976505	0.8023271051977305
6.459999999998283	-1.2113443761840466	1.5643062628480562	0.3529618866640096	1.5643062628480562	0.81889258924781
6.4799999999982365	-1.1254733595959092	1.4784351486468108	0.3529617890509016	1.4784351486468108	0.7794669161720802
6.49999999999819	-0.9410529543299759	1.2940151854508728	0.35296223112089675	1.2940151854508728	0.6636193647950812
6.519999999998143	-0.9107125729362469	1.263674983221039	0.35296241028479214	1.263674983221039	0.6859814086628055
6.539999999998097	-1.119555974740686	1.472517891281389	0.35296191654070297	1.472517891281389	0.7992949318299262
6.55999999999805	-1.2767999995490884	1.6297619847147182	0.3529619851656298	1.6297619847147182	0.8547031011790032
6.5799999999980034	-1.3372331911884041	1.6901952831236813	0.35296209193527717	1.6901952831236813	0.8619161189635175
6.599999999997957	-1.313122221781286	1.666084225118027	0.3529620033367411	1.666084225118027	0.832306923847715
6.61999999999791	-1.1829719361484492	1.5359335348579757	0.35296159870952637	1.5359335348579757	0.7694317456275986
6.639999999997864	-0.895007050043154	1.2479694020793664	0.3529623520362125	1.2479694020793664	0.6583137617851823
6.659999999997817	-0.9033031294118206	1.256264894478237	0.3529617650664166	1.256264894478237	0.6588753993386448
6.67999999999777	-1.0146111656735521	1.3675730762182425	0.35296191054469034	1.3675730762182425	0.7338164792256006
6.699999999997724	-1.0870217261894326	1.439983742243141	0.35296201605370825	1.439983742243141	0.790610560903057
6.719999999997677	-1.1422718148352584	1.4952337358557495	0.35296192102049107	1.4952337358557495	0.8199383986114562
6.7399999999976306	-1.1176144911525254	1.4705765938949804	0.3529621027424551	1.4705765938949804	0.8137479126938615
6.759999999997584	-1.0978832934453067	1.4508455164937484	0.35296222304844177	1.4508455164937484	0.7944589764579123
6.779999999997537	-1.1301309397950312	1.4830930803571607	0.3529621405621296	1.4830930803571607	0.7727659546444126
6.799999999997491	-1.1672244712230622	1.520186625041386	0.35296215381832396	1.520186625041386	0.8064464605940237
6.819999999997444	-1.193495293223047	1.5464574983543053	0.3529622051312585	1.5464574983543053	0.8293710745613833
6.8399999999973975	-1.2144666051143487	1.5674289723324	0.3529623672180513	1.5674289723324	0.852121508165274
6.859999999997351	-1.2344574831977533	1.5874198787016593	0.35296239550390607	1.5874198787016593	0.8617403340443889
6.879999999997304	-1.251916800207291	1.6048792103994072	0.3529624101921163	1.6048792103994072	0.8569081516247695
6.899999999997258	-1.25788369698744	1.6108460144701184	0.3529623174826783	1.6108460144701184	0.8415094412231131
6.919999999997211	-1.2424453259733346	1.595407561967976	0.35296223599464144	1.595407561967976	0.8377325715419671
6.939999999997164	-1.2041634822547171	1.5571257479787153	0.3529622657239982	1.5571257479787153	0.7889672174864508
6.959999999997118	-1.1779837935595787	1.5309461247616556	0.35296233120207704	1.5309461247616556	0.7453761588108813
6.979999999997071	-1.1787551474815878	1.5317173347985698	0.35296218731698203	1.5317173347985698	0.7247828061112181
6.999999999997025	-1.1753828490632667	1.5283452012892278	0.35296235222596095	1.5283452012892278	0.720657807799343
7.019999999996978	-1.2668734297486335	1.6198355674993656	0.35296213775073215	1.6198355674993656	0.8497897320660147
7.039999999996931	-1.3585611583022987	1.711523148307685	0.3529619900053862	1.711523148307685	0.9105120313867014
7.059999999996885	-1.3458528524702529	1.6988147887935168	0.3529619363232638	1.6988147887935168	0.8953512926215591
7.079999999996838	-1.2546217877105885	1.6075837680842153	0.35296198037362686	1.6075837680842153	0.851940163829321
7.0999999999967915	-1.1549130200082076	1.5078750054327674	0.3529619854245598	1.5078750054327674	0.8154594451762501
7.119999999996745	-1.09181669999964	1.4447785310836598	0.3529618310840201	1.4447785310836598	0.7759417886495777
7.139999999996698	-1.0687220308704473	1.421684062294909	0.35296203142446175	1.421684062294909	0.667704246030901
7.159999999996652	-1.1935018215683533	1.5464636324279484	0.35296181085959516	1.5464636324279484	0.6807255868034543
7.179999999996605	-1.3731340585842349	1.7260955480289646	0.35296148944472977	1.7260955480289646	0.8114294657548835
7.1999999999965585	-1.4118361596782192	1.7647974190436597	0.3529612593654406	1.7647974190436597	0.8540743850463218
7.219999999996512	-1.2003283445396775	1.5532893800108456	0.35296103547116814	1.5532893800108456	0.8419021504700207
7.239999999996465	-0.7985549199983067	1.1515170311709686	0.3529621111726618	1.1515170311709686	0.7723248859699069
7.259999999996419	-0.8112523543451452	1.1642142669825732	0.35296191263742815	1.1642142669825732	0.7684216311487386
7.279999999996372	-1.2160705755111785	1.5690315905322079	0.3529610150210293	1.5690315905322079	0.832483349375777
7.299999999996325	-1.4466499360224332	1.7996112322150255	0.3529612961925923	1.7996112322150255	0.8945342877872707
7.319999999996279	-1.4506198747567236	1.8035812647591225	0.3529613900023989	1.8035812647591225	0.8749026858972376
7.339999999996232	-1.3191396445486852	1.6721011585728847	0.3529615140241995	1.6721011585728847	0.7864942858856048
7.359999999996186	-1.1470334799644444	1.4999950676365237	0.3529615876720793	1.4999950676365237	0.662958665404241
7.379999999996139	-1.0415752990594396	1.3945372064417842	0.35296190738234456	1.3945372064417842	0.5725773834254079
7.399999999996092	-1.1150267920229429	1.467988162226477	0.35296137020353413	1.467988162226477	0.5859498514515059
7.419999999996046	-1.19456067618176	1.5475223906181115	0.3529617144363513	1.5475223906181115	0.6261534052759743
7.439999999995999	-1.3371038588698598	1.6900651980330705	0.35296133916321054	1.6900651980330705	0.7487546134665005
7.4599999999959525	-1.420919635410297	1.773881123272927	0.3529614878626299	1.773881123272927	0.8356899046829639
7.479999999995906	-1.4191335111408778	1.7720949962304602	0.35296148508958225	1.7720949962304602	0.8596771174323651
7.499999999995859	-1.3996649055080932	1.752626376639647	0.352961471131554	1.752626376639647	0.867623456783519
7.519999999995813	-1.3846585100044368	1.737619966616117	0.35296145661168027	1.737619966616117	0.8773984863220158
7.539999999995766	-1.3628764804927394	1.71583791835551	0.3529614378627704	1.71583791835551	0.8603996302664076
7.5599999999957195	-1.3340230923506153	1.6869845590711348	0.3529614667205195	1.6869845590711348	0.867758388240837
7.579999999995673	-1.320844063935762	1.6738054899866677	0.3529614260509058	1.6738054899866677	0.8620575282511311
7.599999999995626	-1.2926636779029264	1.64562495551939	0.35296127761646373	1.64562495551939	0.8422088122507141
7.61999999999558	-1.209468613301433	1.5624300059001315	0.35296139259869846	1.5624300059001315	0.7717449816516635
7.639999999995533	-1.178292315658332	1.5312539862864687	0.3529616706281368	1.5312539862864687	0.7467915221494684
7.659999999995486	-1.249314479115335	1.602275937733783	0.3529614586184479	1.602275937733783	0.8368492953419059
7.67999999999544	-1.3000008889045942	1.6529622043561156	0.3529613154515215	1.6529622043561156	0.8240103683594662
7.699999999995393	-1.2532776290826253	1.606238925762216	0.3529612966795908	1.606238925762216	0.8171310880715809
7.719999999995347	-1.1478242936037482	1.5007859773795844	0.35296168377583614	1.5007859773795844	0.7695527561282879
7.7399999999953	-1.1617503409038497	1.5147117852336742	0.35296144432982457	1.5147117852336742	0.7813447990522358
7.759999999995253	-1.179644138743263	1.532605478443778	0.3529613397005147	1.532605478443778	0.7750816712222829
7.779999999995207	-1.171607843966108	1.524569440692186	0.352961596726078	1.524569440692186	0.7951791407742608
7.79999999999516	-1.2143741526859617	1.5673356405177177	0.35296148783175596	1.5673356405177177	0.7965146230935285
7.8199999999951135	-1.2621670760974601	1.6151284855135282	0.3529614094160681	1.6151284855135282	0.8042540774359805
7.839999999995067	-1.2482065386610268	1.6011679754344146	0.35296143677338776	1.6011679754344146	0.8178885352412559
7.85999999999502	-1.1678747810524293	1.5208363438448051	0.35296156279237595	1.5208363438448051	0.8106950369247495
7.879999999994974	-1.1244408824570573	1.4774024532362906	0.3529615707792334	1.4774024532362906	0.815088682708855
7.899999999994927	-1.1899469210093119	1.542908517413888	0.35296159640457603	1.542908517413888	0.827820936561794
7.9199999999948805	-1.2980156104805873	1.6509770089044356	0.35296139842384805	1.6509770089044356	0.8615236095012484
7.939999999994834	-1.339527056643783	1.6924883847710694	0.3529613281272864	1.6924883847710694	0.8941326938337486
7.959999999994787	-1.253433491567315	1.606394668577381	0.3529611770100658	1.606394668577381	0.8712429514433426
7.979999999994741	-1.0491875192392812	1.4021492410013598	0.35296172176207863	1.4021492410013598	0.8557682084897736
7.999999999994694	-1.0221864946513828	1.3751481258250404	0.3529616311736578	1.3751481258250404	0.8573400551863037
8.019999999994647	-1.1595644316730915	1.512525604416636	0.3529611727435446	1.512525604416636	0.8741828359791705
8.0399999999946	-1.1450541024519951	1.4980151871394343	0.35296108468743925	1.4980151871394343	0.9108764037406634
8.059999999994554	-1.025598383735278	1.3785602555955156	0.3529618718602376	1.3785602555955156	0.8356916801907268
8.079999999994508	-1.14061207537828	1.4935734334353068	0.3529613580570268	1.4935734334353068	0.7398386609394376
8.099999999994461	-1.2385412618332348	1.5915022706267907	0.3529610087935561	1.5915022706267907	0.7443874300692069
8.119999999994414	-1.0872474528189568	1.440208652403113	0.35296119958415617	1.440208652403113	0.78875286396755
8.139999999994368	-1.0314918168869285	1.3844533966315777	0.3529615797446492	1.3844533966315777	0.7777535669819986
8.159999999994321	-1.2341990409978854	1.587160037366254	0.3529609963683686	1.587160037366254	0.8506805206673473
8.179999999994275	-1.261706035683978	1.6146673850313389	0.35296134934736073	1.6146673850313389	0.848527876749007
8.199999999994228	-1.2388459003234416	1.5918072900753615	0.3529613897519198	1.5918072900753615	0.8164374335552883
8.219999999994181	-1.1977913801210132	1.5507527994498937	0.35296141932888064	1.5507527994498937	0.7586201308781519
8.239999999994135	-1.2011220082281036	1.5540836013492074	0.35296159312110376	1.5540836013492074	0.6335307429315779
8.259999999994088	-1.3031865675772158	1.6561478518972752	0.3529612843200593	1.6561478518972752	0.6993990070419023
8.279999999994041	-1.3508295045192866	1.7037908835821112	0.3529613790628244	1.7037908835821112	0.7606393919895225
8.299999999993995	-1.3502338973429329	1.7031953320319893	0.3529614346890563	1.7031953320319893	0.7506528477168817
8.319999999993948	-1.3096993098870788	1.6626606847343894	0.3529613748473105	1.6626606847343894	0.6832692002324163
8.339999999993902	-1.235144756483547	1.588106247457475	0.352961490973928	1.588106247457475	0.613907385821105
8.359999999993855	-1.193132342302583	1.5460939168021508	0.3529615744995678	1.5460939168021508	0.6278743921078527
8.379999999993808	-1.2208426051977876	1.5738041481888558	0.3529615429910682	1.5738041481888558	0.7125372642227416
8.399999999993762	-1.2686549675262142	1.6216164794613146	0.3529615119351004	1.6216164794613146	0.8143019254984021
8.419999999993715	-1.2949999677715787	1.6479613388752083	0.35296137110362963	1.6479613388752083	0.8810890130272818
8.439999999993669	-1.2489499302901708	1.6019112022168769	0.3529612719267061	1.6019112022168769	0.8873972043148477
8.459999999993622	-1.1218586996247217	1.4748200464681327	0.35296134684341096	1.4748200464681327	0.8418969359507908
8.479999999993575	-1.0622580828972747	1.415219643633564	0.35296156073628937	1.415219643633564	0.7646414222143493
8.499999999993529	-1.134220629697684	1.487181824417753	0.3529611947200691	1.487181824417753	0.7753761680211995
8.519999999993482	-1.174102610775002	1.5270642496957174	0.3529616389207153	1.5270642496957174	0.7864324951146118
8.539999999993436	-1.28934466799832	1.6423062348376574	0.3529615668393373	1.6423062348376574	0.7768138995070725
8.559999999993389	-1.4199424673464756	1.7729037758180461	0.3529613084715706	1.7729037758180461	0.8782639427568155
8.579999999993342	-1.4605435373323272	1.8135048557380147	0.3529613184056876	1.8135048557380147	0.9281997673955616
8.599999999993296	-1.4141088741843932	1.767070247554716	0.35296137337032263	1.767070247554716	0.8994123782428173
8.619999999993249	-1.3093744834740406	1.6623358595673583	0.3529613760933177	1.6623358595673583	0.8232724193463324
8.639999999993202	-1.171350217778668	1.524311537672962	0.35296131989429386	1.524311537672962	0.756544941235414
8.659999999993156	-1.0040105357545874	1.3569718637252617	0.3529613279706743	1.3569718637252617	0.7314426023294199
8.67999999999311	-0.8663078194298026	1.2192694541493823	0.35296163471957953	1.2192694541493823	0.800698928314455
8.699999999993063	-0.9511257773853814	1.304087245556886	0.3529614681715046	1.304087245556886	0.8447623121522757
8.719999999993016	-1.1857866639282468	1.5387478020042926	0.35296113807604584	1.5387478020042926	0.8474787407310245
8.73999999999297	-1.3394721229404618	1.692433247354854	0.3529611244143922	1.692433247354854	0.8779974774365723
8.759999999992923	-1.3845419497275275	1.7375031580611404	0.3529612083336127	1.7375031580611404	0.879532784501912
8.779999999992876	-1.3381701024774455	1.691131357222384	0.3529612547449386	1.691131357222384	0.8267447983828267
8.79999999999283	-1.2099991963567724	1.5629605790145704	0.35296138265779786	1.5629605790145704	0.768487773931744
8.819999999992783	-1.0585843805231128	1.4115460457401818	0.35296166521706895	1.4115460457401818	0.7783046977454996
8.839999999992736	-1.0874620835093614	1.4404235701934192	0.3529614866840578	1.4404235701934192	0.8141034688104862
8.85999999999269	-1.2478617604941094	1.6008228762826429	0.35296111578853356	1.6008228762826429	0.8493907379613986
8.879999999992643	-1.3152027537191944	1.6681638034172166	0.3529610496980223	1.6681638034172166	0.8361206632857182
8.899999999992596	-1.2354458120595637	1.5884070782751791	0.3529612662156154	1.5884070782751791	0.7067528278006472
8.91999999999255	-1.1430768904001396	1.496038518009824	0.3529616276096844	1.496038518009824	0.6091634082228548
8.939999999992503	-1.188245647552357	1.541206935921239	0.352961288368882	1.541206935921239	0.7255547646806184
8.959999999992457	-1.194945166503317	1.5479064683104278	0.3529613018071107	1.5479064683104278	0.7757846141943379
8.97999999999241	-1.1761736252428088	1.5291350411601599	0.3529614159173511	1.5291350411601599	0.724908735553252
8.999999999992363	-1.1889643163425274	1.541925646279899	0.35296132993737145	1.541925646279899	0.7754271538611528
9.019999999992317	-1.1949526027514161	1.5479137602815214	0.3529611575301054	1.5479137602815214	0.8119840119841858
9.03999999999227	-1.1294907732924018	1.482452074818539	0.35296130152613725	1.482452074818539	0.7839784695281302
9.059999999992224	-1.0964704964876981	1.4494320510352157	0.35296155454751754	1.4494320510352157	0.778849675084103
9.079999999992177	-1.1796257087501991	1.5325868579882882	0.35296114923808913	1.5325868579882882	0.7816227994417616
9.09999999999213	-1.2242193971011925	1.5771805572192903	0.35296116011809786	1.5771805572192903	0.7538832182557859
9.119999999992084	-1.2032685795351574	1.5562297738458886	0.35296119431073125	1.5562297738458886	0.7339065343337097
9.139999999992037	-1.1402155386213044	1.4931767011862596	0.35296116256495524	1.4931767011862596	0.7297661974201256
9.15999999999199	-1.0486137582115878	1.401575267237693	0.35296150902610535	1.401575267237693	0.7635015433850876
9.179999999991944	-1.1257231270895642	1.4786845511609747	0.35296142407141046	1.4786845511609747	0.8157322176690818
9.199999999991897	-1.313906101868706	1.6668671191434399	0.352961017274734	1.6668671191434399	0.8825586318156022
9.21999999999185	-1.3752008776835831	1.7281619621335085	0.3529610844499254	1.7281619621335085	0.9017822224520813
9.239999999991804	-1.2979019526596922	1.6508630685502899	0.35296111589059764	1.6508630685502899	0.8711157782584777
9.259999999991757	-1.1390325369721512	1.4919940213083154	0.35296148433616426	1.4919940213083154	0.8389457467790266
9.27999999999171	-1.0944597530821862	1.4474211552081895	0.3529614021260032	1.4474211552081895	0.7867212445982738
9.299999999991664	-1.169692028861659	1.52265303112734	0.35296100226568117	1.52265303112734	0.782395846668518
9.319999999991618	-1.1854619389783907	1.5384228602287136	0.35296092125032275	1.5384228602287136	0.763811733963598
9.339999999991571	-1.1294829694664987	1.4824440099979908	0.3529610405314919	1.4824440099979908	0.764628602832681
9.359999999991524	-1.0840398255725696	1.4370009085036117	0.3529610829310421	1.4370009085036117	0.7347215150159521
9.379999999991478	-1.0874461472462036	1.4404073056787956	0.3529611584325922	1.4404073056787956	0.7658158314691683
9.399999999991431	-1.1448261703054874	1.4977870747245174	0.35296090441903005	1.4977870747245174	0.74590175611208
9.419999999991385	-1.1550953275536222	1.5080559115248433	0.35296058397122126	1.5080559115248433	0.8142973840497297
9.439999999991338	-1.0377272042878816	1.390688510489581	0.35296130620169935	1.390688510489581	0.8762495047330459
9.459999999991291	-1.1540463437135247	1.5070071200218493	0.35296077630832473	1.5070071200218493	0.8672768115164669
9.479999999991245	-1.3059861730343245	1.6589469236526089	0.3529607506182842	1.6589469236526089	0.8312365611331419
9.499999999991198	-1.3149273705608235	1.6678882742372705	0.35296090367644695	1.6678882742372705	0.7819929498812472
9.519999999991152	-1.233351337112002	1.5863123087099782	0.35296097159797624	1.5863123087099782	0.7247879984359386
9.539999999991105	-1.1629251419309654	1.5158863986388635	0.3529612567078982	1.5158863986388635	0.6933998182427159
9.559999999991058	-1.1961644541679997	1.5491254082472974	0.35296095407929784	1.5491254082472974	0.7732109839096142
9.579999999991012	-1.2063288408887523	1.5592899514607035	0.35296111057195134	1.5592899514607035	0.8513506858875226
9.599999999990965	-1.2323448607969647	1.585306107387118	0.3529612465901533	1.585306107387118	0.8874261062770049
9.619999999990918	-1.3006819041462883	1.6536429329755091	0.352961028829221	1.6536429329755091	0.880017658659895
9.639999999990872	-1.2945955311905069	1.647556585533009	0.3529610543425019	1.647556585533009	0.8324657592589347
9.659999999990825	-1.2362224244987576	1.5891833129226804	0.3529608884239229	1.5891833129226804	0.7738139969872169
9.679999999990779	-1.1461995406978631	1.499160407518977	0.35296086682111394	1.499160407518977	0.7168515223503895
9.699999999990732	-1.02892535842464	1.3818865841723014	0.35296122574766114	1.3818865841723014	0.642826767457985
9.719999999990685	-1.0561997169203423	1.4091609587282337	0.35296124180789135	1.4091609587282337	0.6635539841332443
9.739999999990639	-1.2162460454787063	1.5692069723227882	0.3529609268440819	1.5692069723227882	0.7634362377380806
9.759999999990592	-1.3254350805952873	1.6783959124990329	0.3529608319037456	1.6783959124990329	0.8352506672603897
9.779999999990546	-1.3373980783397266	1.6903589850494953	0.35296090670976865	1.6903589850494953	0.8671747348513384
9.799999999990499	-1.2928193866067514	1.6457803952667611	0.35296100866000985	1.6457803952667611	0.8896092958529199
9.819999999990452	-1.2268968558355682	1.5798577540181051	0.35296089818253706	1.5798577540181051	0.8680946630184437
9.839999999990406	-1.1262505347959644	1.4792115602679172	0.35296102547195274	1.4792115602679172	0.7990529030657116
9.85999999999036	-1.0314311594359467	1.384392475446877	0.3529613160109304	1.384392475446877	0.7689356717262119
9.879999999990313	-1.095020898752147	1.4479819091554953	0.3529610104033482	1.4479819091554953	0.7752199819655825
9.899999999990266	-1.179540349881617	1.532500928200471	0.3529605783188539	1.532500928200471	0.7509819596325833
9.91999999999022	-1.0691124673862165	1.4220733338333804	0.35296086644716396	1.4220733338333804	0.6444612438096791
9.939999999990173	-1.0272658746638146	1.3802271236695898	0.35296124900577525	1.3802271236695898	0.5860920847902534
9.959999999990126	-1.1829246923055603	1.5358851409026442	0.35296044859708403	1.5358851409026442	0.6580323269241167
9.97999999999008	-1.1673951890982612	1.5203560725377585	0.35296088343949733	1.5203560725377585	0.6115977122478335
9.999999999990033	-1.0991768045753159	1.452137557578954	0.3529607530036381	1.452137557578954	0.6790476509803327
