# t	u	ec	e	T
0.005	-2.4151371797846553	0.9926055945433784	-1.4225315852412768	0.9926055945433784
0.009999999999999995	-2.402312235993053	0.9797806777357543	-1.4225315582572988	0.9797806777357543
0.014999999999999965	-2.383364600175178	0.9608330830742574	-1.4225315171009205	0.9608330830742574
0.019999999999999934	-2.3593744789127005	0.9368429770843837	-1.422531501828317	0.9368429770843837
0.024999999999999904	-2.331205145157092	0.908673639822179	-1.422531505334913	0.908673639822179
0.029999999999999874	-2.2993620439643068	0.8768305442836599	-1.4225314996806468	0.8768305442836599
0.034999999999999976	-2.264041351685591	0.8415098469702041	-1.4225315047153868	0.8415098469702041
0.04000000000000012	-2.225427410644219	0.8028959168693711	-1.4225314937748477	0.8028959168693711
0.04500000000000026	-2.184153369699967	0.7616219066408989	-1.422531463059068	0.7616219066408989
0.050000000000000405	-2.141729269713652	0.7191978592242397	-1.4225314104894125	0.7191978592242397
0.05500000000000055	-2.1007093295178008	0.6781779962980594	-1.4225313332197413	0.6781779962980594
0.06000000000000069	-2.064423091511658	0.64189185471749	-1.422531236794168	0.64189185471749
0.06500000000000083	-2.036277487452447	0.6137462875862095	-1.4225311998662376	0.6137462875862095
0.07000000000000098	-2.0188642642852184	0.5963330866670118	-1.4225311776182066	0.5963330866670118
0.07500000000000112	-2.01323528577947	0.5907040895827101	-1.42253119619676	0.5907040895827101
0.08000000000000126	-2.018641509529793	0.5961102564189927	-1.4225312531108005	0.5961102564189927
0.08500000000000141	-2.032802067103228	0.6102707372797576	-1.4225313298234707	0.6102707372797576
0.09000000000000155	-2.052529771242157	0.6299983588227134	-1.4225314124194437	0.6299983588227134
0.0950000000000017	-2.0744465749560406	0.6519150862461749	-1.422531488709866	0.6519150862461749
0.10000000000000184	-2.095565266647888	0.6730337119990477	-1.42253155464884	0.6730337119990477
0.10500000000000198	-2.1136487395598147	0.6911171414213342	-1.4225315981384805	0.6911171414213342
0.11000000000000212	-2.1273700326873604	0.7048384326549657	-1.4225316000323946	0.7048384326549657
0.11500000000000227	-2.1363380388742077	0.713806451519605	-1.422531587354603	0.713806451519605
0.12000000000000241	-2.141011731867613	0.7184801622114998	-1.4225315696561132	0.7184801622114998
0.12500000000000255	-2.142506702608034	0.7199751682899844	-1.4225315343180498	0.7199751682899844
0.130000000000002	-2.1423257595335663	0.7197942473837604	-1.4225315121498057	0.7197942473837604
0.13500000000000145	-2.14200928908996	0.7194778105257175	-1.4225314785642422	0.7194778105257175
0.1400000000000009	-2.1428153083484207	0.720283847267644	-1.4225314610807767	0.720283847267644
0.14500000000000035	-2.1455024853120674	0.7229710295177207	-1.422531455794347	0.7229710295177207
0.1499999999999998	-2.1502880768379757	0.7277566232671707	-1.422531453570805	0.7277566232671707
0.15499999999999925	-2.1569488523314324	0.7344173897179719	-1.4225314626134604	0.7344173897179719
0.1599999999999987	-2.1650003015217214	0.7424688352151732	-1.4225314663065485	0.7424688352151732
0.16499999999999815	-2.1738394292337104	0.7513079482026346	-1.422531481031076	0.7513079482026346
0.1699999999999976	-2.182819318877328	0.760287823591721	-1.422531495285607	0.760287823591721
0.17499999999999705	-2.1912670560234195	0.7687355378814006	-1.4225315181420188	0.7687355378814006
0.1799999999999965	-2.198498026853566	0.7759664889910848	-1.422531537862481	0.7759664889910848
0.18499999999999595	-2.2038812964499646	0.781349746414929	-1.4225315500350357	0.781349746414929
0.1899999999999954	-2.206961382644757	0.7844298264434185	-1.4225315562013383	0.7844298264434185
0.19499999999999484	-2.2076052676571423	0.7850737165493215	-1.4225315511078207	0.7850737165493215
0.1999999999999943	-2.2060889524683422	0.7835574273797096	-1.4225315250886328	0.7835574273797096
0.20499999999999374	-2.2030685746959238	0.7805370709889093	-1.4225315037070145	0.7805370709889093
0.2099999999999932	-2.1994295809161546	0.7768980883726081	-1.4225314925435464	0.7768980883726081
0.21499999999999264	-2.1960547631736387	0.7735232872726557	-1.422531475900983	0.7735232872726557
0.2199999999999921	-2.1936395098552985	0.771108037228261	-1.4225314726270375	0.771108037228261
0.22499999999999154	-2.1925735047785357	0.7700420289539573	-1.4225314758245784	0.7700420289539573
0.229999999999991	-2.1929520286898234	0.7704205414805666	-1.4225314872092572	0.7704205414805666
0.23499999999999044	-2.194696732703878	0.7721652397842029	-1.422531492919675	0.7721652397842029
0.2399999999999899	-2.1977209753701263	0.7751894899024456	-1.422531485467681	0.7751894899024456
0.24499999999998934	-2.2020511085245884	0.7795196237583524	-1.422531484766236	0.7795196237583524
0.2499999999999888	-2.207838011957015	0.7853065301167789	-1.4225314818402361	0.7853065301167789
0.25499999999998824	-2.2152529359590236	0.7927214481330389	-1.422531487825985	0.7927214481330389
0.2599999999999877	-2.2243069692036035	0.8017754637081052	-1.4225315054954981	0.8017754637081052
0.26499999999998713	-2.2346850092446258	0.8121534994995726	-1.4225315097450533	0.8121534994995726
0.2699999999999866	-2.245680304436479	0.8231487874865728	-1.422531516949906	0.8231487874865728
0.27499999999998603	-2.2562577625151667	0.8337262440017948	-1.4225315185133718	0.8337262440017948
0.2799999999999855	-2.265244966364673	0.8427134119965232	-1.42253155436815	0.8427134119965232
0.28499999999998493	-2.2715863142012016	0.8490547257254033	-1.422531588475798	0.8490547257254033
0.2899999999999844	-2.274615052779201	0.8520834569404133	-1.4225315958387876	0.8520834569404133
0.29499999999998383	-2.2743149803715124	0.8517833944985174	-1.4225315858729948	0.8517833944985174
0.2999999999999833	-2.271492462587209	0.8489609137816322	-1.4225315488055768	0.8489609137816322
0.30499999999998273	-2.2677883690208858	0.8452568605125151	-1.4225315085083705	0.8452568605125151
0.3099999999999822	-2.2653769793339027	0.8428455250760035	-1.4225314542578993	0.8428455250760035
0.31499999999998163	-2.2662605142562064	0.8437290732074983	-1.4225314410487078	0.8437290732074983
0.3199999999999811	-2.2713534350970837	0.8488219855223014	-1.4225314495747825	0.8488219855223014
0.3249999999999805	-2.2799435718511667	0.8574120812936655	-1.422531490557501	0.8574120812936655
0.32999999999998	-2.2900585488280005	0.8675270023032922	-1.4225315465247086	0.8675270023032922
0.3349999999999794	-2.299470454264406	0.8769388610634714	-1.4225315932009346	0.8769388610634714
0.3399999999999789	-2.306522706943007	0.8839910818119651	-1.422531625131042	0.8839910818119651
0.3449999999999783	-2.3103254221027942	0.8877937828962861	-1.4225316392065082	0.8877937828962861
0.3499999999999778	-2.3105137266786997	0.8879820934117785	-1.4225316332669211	0.8879820934117785
0.3549999999999772	-2.306951150207975	0.8844195224968785	-1.4225316277110966	0.8844195224968785
0.35999999999997667	-2.2995926649258287	0.8770610390240337	-1.422531625901795	0.8770610390240337
0.3649999999999761	-2.288539455498632	0.8660078496291813	-1.4225316058694506	0.8660078496291813
0.36999999999997557	-2.2742128017275087	0.8516812164083798	-1.422531585319129	0.8516812164083798
0.374999999999975	-2.257514468299175	0.8349829207005414	-1.4225315475986335	0.8349829207005414
0.37999999999997447	-2.2398364107155206	0.8173048928183981	-1.4225315178971227	0.8173048928183981
0.3849999999999739	-2.222815999654288	0.8002845178948848	-1.4225314817594035	0.8002845178948848
0.38999999999997337	-2.2079777606894684	0.7854463084563937	-1.4225314522330748	0.7854463084563937
0.3949999999999728	-2.196445836505891	0.7739143938715664	-1.422531442634325	0.7739143938715664
0.39999999999997227	-2.1888231452813223	0.766291706480487	-1.4225314388008354	0.766291706480487
0.4049999999999717	-2.1852164821113624	0.7626850313331857	-1.422531450778177	0.7626850313331857
0.40999999999997117	-2.185370888758403	0.7628394170742341	-1.4225314716841688	0.7628394170742341
0.4149999999999706	-2.1888361605318742	0.7663046678311766	-1.4225314927006973	0.7663046678311766
0.41999999999997006	-2.1950799175004447	0.7725484281224686	-1.4225314893779761	0.7725484281224686
0.4249999999999695	-2.2035028640812597	0.7809713696839056	-1.4225314943973542	0.7809713696839056
0.42999999999996896	-2.2134155130496067	0.7908839980686977	-1.4225315149809092	0.7908839980686977
0.4349999999999684	-2.2240189399475323	0.8014873947127523	-1.4225315452347798	0.8014873947127523
0.43999999999996786	-2.2344282976136927	0.8118967279968976	-1.422531569616795	0.8118967279968976
0.4449999999999673	-2.243721401799953	0.8211898280675481	-1.422531573732405	0.8211898280675481
0.44999999999996676	-2.251017465525057	0.8284858826167496	-1.4225315829083076	0.8284858826167496
0.4549999999999662	-2.2555825316008247	0.8330509323771029	-1.4225315992237215	0.8330509323771029
0.45999999999996566	-2.2569405861034695	0.8344089791839362	-1.4225316069195333	0.8344089791839362
0.4649999999999651	-2.2550071544661434	0.8324755528355091	-1.422531601630634	0.8324755528355091
0.46999999999996456	-2.2502116498199163	0.827680069555387	-1.4225315802645293	0.827680069555387
0.474999999999964	-2.2435253062744236	0.8209937574622902	-1.4225315488121333	0.8209937574622902
0.47999999999996346	-2.236283711794616	0.8137522018403648	-1.4225315099542513	0.8137522018403648
0.4849999999999629	-2.229851862482743	0.8073203663217322	-1.422531496161011	0.8073203663217322
0.48999999999996235	-2.225298503432952	0.802767028246504	-1.4225314751864482	0.802767028246504
0.4949999999999618	-2.223260133521727	0.8007286428087543	-1.4225314907129722	0.8007286428087543
0.49999999999996125	-2.224017754370176	0.8014862596190544	-1.422531494751122	0.8014862596190544
0.5049999999999607	-2.227649134991405	0.8051176358806081	-1.4225314991107967	0.8051176358806081
0.5099999999999602	-2.234096884482642	0.8115653790563887	-1.4225315054262535	0.8115653790563887
0.5149999999999596	-2.243091478624146	0.8205599601526413	-1.4225315184715046	0.8205599601526413
0.519999999999959	-2.2540104913251655	0.8314789527709607	-1.4225315385542046	0.8314789527709607
0.5249999999999585	-2.2657929904163305	0.8432614262458634	-1.422531564170467	0.8432614262458634
0.529999999999958	-2.276991225603034	0.854459616532943	-1.4225316090700908	0.854459616532943
0.5349999999999574	-2.285952079597431	0.8634204648877818	-1.422531614709649	0.8634204648877818
0.5399999999999568	-2.2910813692186163	0.8685497214842051	-1.4225316477344114	0.8685497214842051
0.5449999999999563	-2.2911843435717447	0.8686526813319289	-1.4225316622398156	0.8686526813319289
0.5499999999999557	-2.285792283750759	0.8632606273086689	-1.42253165644209	0.8632606273086689
0.5549999999999552	-2.2753570456667793	0.8528254030192484	-1.4225316426475307	0.8528254030192484
0.5599999999999546	-2.2611832889807344	0.8386516867463831	-1.4225316022343513	0.8386516867463831
0.5649999999999541	-2.2450428291498175	0.8225112688275676	-1.4225315603222497	0.8225112688275676
0.5699999999999535	-2.2286130457448445	0.806081504608562	-1.4225315411362827	0.806081504608562
0.574999999999953	-2.2130284748628046	0.7904969385481551	-1.4225315363146496	0.7904969385481551
0.5799999999999524	-2.198795464134729	0.776263933587205	-1.4225315305475237	0.776263933587205
0.5849999999999519	-2.1859955076964535	0.7634639763468027	-1.4225315313496507	0.7634639763468027
0.5899999999999513	-2.1745981337601594	0.7520666030857928	-1.4225315306743667	0.7520666030857928
0.5949999999999508	-2.1646785309038092	0.7421470032675905	-1.4225315276362187	0.7421470032675905
0.5999999999999502	-2.156459738455146	0.7339282177142633	-1.4225315207408824	0.7339282177142633
0.6049999999999497	-2.1501997136733833	0.7276682072069193	-1.422531506466464	0.7276682072069193
0.6099999999999491	-2.1460224095906657	0.7234909028200647	-1.4225315067706013	0.7234909028200647
0.6149999999999486	-2.143788512422319	0.721256979405608	-1.422531533016711	0.721256979405608
0.619999999999948	-2.1430794945115808	0.7205479475238077	-1.4225315469877728	0.7205479475238077
0.6249999999999475	-2.1433221750585676	0.7207905986814555	-1.422531576377112	0.7207905986814555
0.6299999999999469	-2.144002321199155	0.7214707289739135	-1.4225315922252415	0.7214707289739135
0.6349999999999464	-2.1448548811116233	0.7223232940319861	-1.4225315870796367	0.7223232940319861
0.6399999999999458	-2.14591393341304	0.7233823735311334	-1.4225315598819066	0.7233823735311334
0.6449999999999453	-2.147405188618897	0.7248736222486545	-1.4225315663702423	0.7248736222486545
0.6499999999999447	-2.1496216266500685	0.7270900672190909	-1.4225315594309773	0.7270900672190909
0.6549999999999442	-2.152917418927364	0.7303858730762003	-1.4225315458511636	0.7303858730762003
0.6599999999999436	-2.1578332814484487	0.7353017532921864	-1.422531528156262	0.7353017532921864
0.6649999999999431	-2.1651358585984526	0.7426043421289659	-1.4225315164694872	0.7426043421289659
0.6699999999999425	-2.175573222249839	0.753041722401796	-1.4225314998480427	0.753041722401796
0.674999999999942	-2.1894041186383753	0.7668726064424518	-1.4225315121959234	0.7668726064424518
0.6799999999999414	-2.206020444662846	0.7834889126446221	-1.4225315320182244	0.7834889126446221
0.6849999999999409	-2.2239834592276178	0.8014518900565445	-1.4225315691710734	0.8014518900565445
0.6899999999999403	-2.2414373347042855	0.8189057308416665	-1.4225316038626192	0.8189057308416665
0.6949999999999398	-2.256609602079707	0.8340779665046247	-1.4225316355750823	0.8340779665046247
0.6999999999999392	-2.2681839548112794	0.8456522902521608	-1.4225316645591186	0.8456522902521608
0.7049999999999387	-2.2754777204633396	0.8529460509613537	-1.4225316695019858	0.8529460509613537
0.7099999999999381	-2.2784655528105575	0.8559339075946077	-1.4225316452159495	0.8559339075946077
0.7149999999999376	-2.2777132625035095	0.8551816364142318	-1.4225316260892777	0.8551816364142318
0.719999999999937	-2.274215338508343	0.8516837103859756	-1.4225316281223679	0.8516837103859756
0.7249999999999365	-2.269152430745949	0.8466208363857342	-1.4225315943602153	0.8466208363857342
0.7299999999999359	-2.263641907926693	0.8411103236266888	-1.4225315843000044	0.8411103236266888
0.7349999999999354	-2.258519377608762	0.8359877898357678	-1.4225315877729947	0.8359877898357678
0.7399999999999348	-2.2541780530779265	0.8316464613305782	-1.4225315917473482	0.8316464613305782
0.7449999999999343	-2.2505132771544725	0.8279816622358436	-1.422531614918629	0.8279816622358436
0.7499999999999337	-2.2469796377076143	0.8244480007558832	-1.422531636951731	0.8244480007558832
0.7549999999999332	-2.242790599602179	0.8202589367007654	-1.4225316629014133	0.8202589367007654
0.7599999999999326	-2.237277327680827	0.8147456512538547	-1.4225316764269724	0.8147456512538547
0.7649999999999321	-2.2303348216191847	0.8078031935196082	-1.4225316280995763	0.8078031935196082
0.7699999999999315	-2.222707734422455	0.8001761401640783	-1.4225315942583765	0.8001761401640783
0.774999999999931	-2.2157744104887325	0.7932428430968826	-1.4225315673918495	0.7932428430968826
0.7799999999999304	-2.2107644848738306	0.7882329190528067	-1.422531565821024	0.7882329190528067
0.7849999999999299	-2.2079294569977934	0.7853978371479247	-1.4225316198498685	0.7853978371479247
0.7899999999999293	-2.206468510667047	0.7839368563279647	-1.4225316543390825	0.7839368563279647
0.7949999999999288	-2.2052951685133184	0.7827634892282853	-1.4225316792850333	0.7827634892282853
0.7999999999999282	-2.203941437098824	0.7814097805839508	-1.4225316565148733	0.7814097805839508
0.8049999999999277	-2.202814700447382	0.7802830647812704	-1.4225316356661117	0.7802830647812704
0.8099999999999271	-2.202766133926608	0.7802345111786727	-1.4225316227479354	0.7802345111786727
0.8149999999999266	-2.2045760853083536	0.7820444642899329	-1.4225316210184207	0.7820444642899329
0.819999999999926	-2.208982366684005	0.7864507808987194	-1.4225315857852854	0.7864507808987194
0.8249999999999255	-2.216976180235794	0.7944446138618556	-1.4225315663739386	0.7944446138618556
0.8299999999999249	-2.2294595463078117	0.8069280005482198	-1.4225315457595917	0.8069280005482198
0.8349999999999244	-2.246066543304052	0.8235349378812679	-1.4225316054227841	0.8235349378812679
0.8399999999999238	-2.2645001335410795	0.8419684453460069	-1.4225316881950727	0.8419684453460069
0.8449999999999233	-2.2814454309384864	0.8589136789772394	-1.4225317519612473	0.8589136789772394
0.8499999999999227	-2.2943005342420384	0.8717687588262584	-1.42253177541578	0.8717687588262584
0.8549999999999222	-2.302258048148068	0.8797263055785904	-1.4225317425694775	0.8797263055785904
0.8599999999999216	-2.306227237285109	0.8836955611242907	-1.4225316761608184	0.8836955611242907
0.864999999999921	-2.3080342012844444	0.8855025684180522	-1.4225316328663922	0.8855025684180522
0.8699999999999205	-2.309459280398247	0.8869276661183654	-1.422531614279882	0.8869276661183654
0.87499999999992	-2.3115185527869015	0.8889869376546516	-1.42253161513225	0.8889869376546516
0.8799999999999194	-2.3141864116679405	0.8916547645986854	-1.4225316470692553	0.8916547645986854
0.8849999999999189	-2.3166080350676594	0.8940763452262892	-1.42253168984137	0.8940763452262892
0.8899999999999183	-2.3176035577030096	0.895071848826166	-1.4225317088768437	0.895071848826166
0.8949999999999178	-2.316171923505793	0.8936402167353427	-1.4225317067704502	0.8936402167353427
0.8999999999999172	-2.3118132730110097	0.8892815824536244	-1.422531690557385	0.8892815824536244
0.9049999999999166	-2.304632830824824	0.8821011592219054	-1.4225316716029184	0.8821011592219054
0.9099999999999161	-2.295289436376126	0.8727577884794906	-1.4225316478966352	0.8727577884794906
0.9149999999999155	-2.2848321398861846	0.8623004975657325	-1.4225316423204521	0.8623004975657325
0.919999999999915	-2.2743882104878406	0.8518565906856288	-1.4225316198022113	0.8518565906856288
0.9249999999999144	-2.2648331959175922	0.8423015945632444	-1.4225316013543476	0.8423015945632444
0.9299999999999139	-2.2564958116032474	0.8339641934312031	-1.4225316181720444	0.8339641934312031
0.9349999999999133	-2.2490857761740317	0.8265541285755796	-1.4225316475984522	0.8265541285755796
0.9399999999999128	-2.2418847792023175	0.8193531182978298	-1.4225316609044882	0.8193531182978298
0.9449999999999122	-2.234117640869098	0.8115859562333633	-1.422531684635735	0.8115859562333633
0.9499999999999117	-2.2253902701417134	0.8028585696689328	-1.4225317004727807	0.8028585696689328
0.9549999999999111	-2.215996249356159	0.7934645798713993	-1.4225316694847594	0.7934645798713993
0.9599999999999106	-2.2069269871057373	0.7843953401619013	-1.4225316469438363	0.7843953401619013
0.96499999999991	-2.199439083102126	0.7769074608162925	-1.4225316222858333	0.7769074608162925
0.9699999999999095	-2.194346997596226	0.7718153810034414	-1.4225316165927844	0.7718153810034414
0.9749999999999089	-2.191543484455691	0.7690118559330048	-1.4225316285226859	0.7690118559330048
0.9799999999999084	-2.190247327930306	0.767715678217415	-1.422531649712891	0.767715678217415
0.9849999999999078	-2.1897145582243773	0.7671829021276357	-1.4225316560967416	0.7671829021276357
0.9899999999999073	-2.189774033265066	0.7672423951324848	-1.4225316381325814	0.7672423951324848
0.9949999999999067	-2.190819084346592	0.768287474229195	-1.4225316101173968	0.768287474229195
0.9999999999999062	-2.1934218751879224	0.77089027657122	-1.4225315986167026	0.77089027657122
1.0049999999999057	-2.197945917436251	0.7754143080407283	-1.4225316093955223	0.7754143080407283
1.0099999999999052	-2.2043632931537007	0.7818316673039933	-1.4225316258497074	0.7818316673039933
1.0149999999999046	-2.2122967480688143	0.789765091661366	-1.4225316564074482	0.789765091661366
1.019999999999904	-2.2211903485040794	0.7986586698622458	-1.4225316786418336	0.7986586698622458
1.0249999999999035	-2.2305143425265075	0.8079826616689861	-1.4225316808575212	0.8079826616689861
1.029999999999903	-2.239928907702876	0.8173972187321568	-1.4225316889707194	0.8173972187321568
1.0349999999999024	-2.24934843897028	0.8268167548542634	-1.4225316841160167	0.8268167548542634
1.039999999999902	-2.2588360985436378	0.8363044295264263	-1.4225316690172114	0.8363044295264263
1.0449999999999013	-2.2684048637858236	0.8458731842747459	-1.422531679511078	0.8458731842747459
1.0499999999999008	-2.277846529264437	0.8553148566025125	-1.4225316726619246	0.8553148566025125
1.0549999999999002	-2.2866767255206457	0.8641450208800883	-1.4225317046405577	0.8641450208800883
1.0599999999998997	-2.2941473164088375	0.8716156050399492	-1.422531711368888	0.8716156050399492
1.0649999999998991	-2.2992760913883488	0.8767443609360206	-1.4225317304523282	0.8767443609360206
1.0699999999998986	-2.3009098156759777	0.8783780369035787	-1.422531778772399	0.8783780369035787
1.074999999999898	-2.2979290209687906	0.8753972063881906	-1.4225318145806	0.8753972063881906
1.0799999999998975	-2.289595017426707	0.8670631677304925	-1.4225318496962143	0.8670631677304925
1.084999999999897	-2.275948825604617	0.8534170097365213	-1.4225318158680957	0.8534170097365213
1.0899999999998964	-2.258126437441432	0.8355946807024772	-1.4225317567389544	0.8355946807024772
1.0949999999998958	-2.2384692317428336	0.815937559694256	-1.4225316720485779	0.815937559694256
1.0999999999998953	-2.2203291029055774	0.7977975198029406	-1.422531583102637	0.7977975198029406
1.1049999999998947	-2.2074047507438666	0.7848732363178067	-1.4225315144260597	0.7848732363178067
1.1099999999998942	-2.202406020545661	0.7798745210574421	-1.4225314994882188	0.7798745210574421
1.1149999999998936	-2.205541226833296	0.783009653863315	-1.422531572969981	0.783009653863315
1.119999999999893	-2.2142174891757467	0.7916858344693076	-1.4225316547064388	0.7916858344693076
1.1249999999998925	-2.2245330257204134	0.8020013075420017	-1.4225317181784118	0.8020013075420017
1.129999999999892	-2.2332941271115856	0.8107623777480991	-1.4225317493634861	0.8107623777480991
1.1349999999998914	-2.2389424732828935	0.8164107310794384	-1.422531742203455	0.8164107310794384
1.1399999999998909	-2.2412932236321064	0.8187615030796137	-1.4225317205524926	0.8187615030796137
1.1449999999998903	-2.240838133297793	0.8183064255113365	-1.4225317077864565	0.8183064255113365
1.1499999999998898	-2.238252664409809	0.815720961526822	-1.4225317028829871	0.815720961526822
1.1549999999998892	-2.2342469309922044	0.8117152502694307	-1.4225316807227737	0.8117152502694307
1.1599999999998887	-2.229620446409563	0.8070887772801686	-1.422531669129394	0.8070887772801686
1.1649999999998881	-2.2253291176851704	0.8027974728237711	-1.4225316448613992	0.8027974728237711
1.1699999999998876	-2.222438108671032	0.7999065003601044	-1.4225316083109276	0.7999065003601044
1.174999999999887	-2.2218667011774307	0.7993350878377028	-1.4225316133397279	0.7993350878377028
1.1799999999998865	-2.2240212712128495	0.8014896438798408	-1.4225316273330089	0.8014896438798408
1.184999999999886	-2.2285769798053385	0.806045319076869	-1.4225316607284697	0.806045319076869
1.1899999999998854	-2.234662223039552	0.8121305410241654	-1.4225316820153864	0.8121305410241654
1.1949999999998848	-2.2413879129859833	0.818856229687023	-1.4225316832989603	0.818856229687023
1.1999999999998843	-2.2483193924100053	0.8257877310998778	-1.422531661310128	0.8257877310998778
1.2049999999998837	-2.2555189294788565	0.8329872596894813	-1.422531669789375	0.8329872596894813
1.2099999999998832	-2.263188873525449	0.840657192507112	-1.422531681018337	0.840657192507112
1.2149999999998826	-2.271174107873515	0.8486424093290063	-1.4225316985445084	0.8486424093290063
1.219999999999882	-2.278680809023386	0.8561490724624601	-1.422531736560926	0.8561490724624601
1.2249999999998815	-2.284431440775704	0.8618996645825407	-1.4225317761931633	0.8618996645825407
1.229999999999881	-2.2872010815811414	0.86466929775284	-1.4225317838283016	0.86466929775284
1.2349999999998804	-2.2865205294431505	0.8639887621368062	-1.4225317673063445	0.8639887621368062
1.2399999999998799	-2.2832167334373907	0.8606850111056812	-1.4225317223317093	0.8606850111056812
1.2449999999998793	-2.2792866586715164	0.8567550079948026	-1.4225316506767138	0.8567550079948026
1.2499999999998788	-2.2768362279041607	0.8543046152381983	-1.4225316126659624	0.8543046152381983
1.2549999999998782	-2.276664129478631	0.8541325050736636	-1.422531624404968	0.8541325050736636
1.2599999999998777	-2.277672349144794	0.85514067213681	-1.4225316770079837	0.85514067213681
1.2649999999998771	-2.2776406487510856	0.855108918265537	-1.4225317304855485	0.855108918265537
1.2699999999998766	-2.274582513081754	0.8520507487464754	-1.4225317643352786	0.8520507487464754
1.274999999999876	-2.267618846359342	0.8450870854613554	-1.4225317608979862	0.8450870854613554
1.2799999999998755	-2.2570939354635264	0.8345622158449959	-1.4225317196185308	0.8345622158449959
1.284999999999875	-2.2442494891332796	0.8217178043962421	-1.4225316847370373	0.8217178043962421
1.2899999999998744	-2.2307788821802363	0.8082472439905317	-1.4225316381897049	0.8082472439905317
1.2949999999998738	-2.218414590424018	0.7958829997438421	-1.4225315906801757	0.7958829997438421
1.2999999999998733	-2.208615010190004	0.7860834331806298	-1.4225315770093743	0.7860834331806298
1.3049999999998727	-2.2023957440665036	0.7798641929215617	-1.4225315511449417	0.7798641929215617
1.3099999999998722	-2.20026178070531	0.7777302144036272	-1.4225315663016829	0.7777302144036272
1.3149999999998716	-2.2021811992548113	0.7796496248739035	-1.4225315743809077	0.7796496248739035
1.319999999999871	-2.207573680292592	0.7850420962390872	-1.4225315840535047	0.7850420962390872
1.3249999999998705	-2.215339801476729	0.7928081909789014	-1.4225316104978276	0.7928081909789014
1.32999999999987	-2.2240269992969672	0.8014953487586947	-1.4225316505382728	0.8014953487586947
1.3349999999998694	-2.2321195952711212	0.8095879103343264	-1.4225316849367948	0.8095879103343264
1.3399999999998689	-2.238366164271692	0.8158344770408107	-1.4225316872308813	0.8158344770408107
1.3449999999998683	-2.2420281871608863	0.8194965039420279	-1.4225316832188581	0.8194965039420279
1.3499999999998678	-2.242989348598385	0.8204576699094726	-1.4225316786889124	0.8204576699094726
1.3549999999998672	-2.2417314055245177	0.8191997506322457	-1.422531654892272	0.8191997506322457
1.3599999999998666	-2.2392093998346105	0.8166777843717415	-1.422531615462869	0.8166777843717415
1.364999999999866	-2.236647696211007	0.8141161106093325	-1.422531585601675	0.8141161106093325
1.3699999999998655	-2.2352970162791914	0.8127654521664796	-1.4225315641127116	0.8127654521664796
1.374999999999865	-2.2361755788427526	0.813644013281096	-1.4225315655616566	0.813644013281096
1.3799999999998644	-2.2398284554852084	0.8172968818051966	-1.4225315736800115	0.8172968818051966
1.384999999999864	-2.2461559094752266	0.823624304537314	-1.4225316049379126	0.823624304537314
1.3899999999998633	-2.2543500372140723	0.8318184012236529	-1.4225316359904192	0.8318184012236529
1.3949999999998628	-2.263019900681585	0.8404882100075883	-1.4225316906739969	0.8404882100075883
1.3999999999998622	-2.270488709130414	0.8479569842160305	-1.4225317249143834	0.8479569842160305
1.4049999999998617	-2.2752002150241895	0.8526684375011148	-1.4225317775230746	0.8526684375011148
1.4099999999998611	-2.2761235229198142	0.8535917234999691	-1.4225317994198452	0.8535917234999691
1.4149999999998606	-2.2730634285404325	0.8505316370422759	-1.4225317914981566	0.8505316370422759
1.41999999999986	-2.2667583619373275	0.8442266128921391	-1.4225317490451885	0.8442266128921391
1.4249999999998595	-2.258689915712719	0.8361582012809912	-1.422531714431728	0.8361582012809912
1.429999999999859	-2.250586571396527	0.8280549013777264	-1.4225316700188009	0.8280549013777264
1.4349999999998584	-2.243845237661952	0.8213135791263367	-1.4225316585356154	0.8213135791263367
1.4399999999998578	-2.239153594178156	0.8166219232252455	-1.4225316709529108	0.8166219232252455
1.4449999999998573	-2.236504272459074	0.813972588866984	-1.4225316835920905	0.813972588866984
1.4499999999998567	-2.2354956628760685	0.8129639660799904	-1.422531696796078	0.8129639660799904
1.4549999999998562	-2.2356620040466915	0.8131302952873412	-1.42253170875935	0.8131302952873412
1.4599999999998556	-2.2366845615014688	0.8141528445246493	-1.4225317169768195	0.8141528445246493
1.464999999999855	-2.2384598858745286	0.8159281716331518	-1.422531714241377	0.8159281716331518
1.4699999999998545	-2.2410439870157677	0.8185122666281525	-1.4225317203876153	0.8185122666281525
1.474999999999854	-2.244510238711677	0.8219785474337269	-1.4225316912779502	0.8219785474337269
1.4799999999998534	-2.248747104741484	0.8262153904092632	-1.4225317143322207	0.8262153904092632
1.4849999999998529	-2.253359541238046	0.8308277990401045	-1.422531742197941	0.8308277990401045
1.4899999999998523	-2.25771785359516	0.8351860834122421	-1.4225317701829174	0.8351860834122421
1.4949999999998518	-2.2611095526334886	0.8385777394524463	-1.4225318131810423	0.8385777394524463
1.4999999999998512	-2.262928528584438	0.8403966979673132	-1.4225318306171248	0.8403966979673132
1.5049999999998507	-2.262786250340869	0.8402544084870044	-1.4225318418538646	0.8402544084870044
1.5099999999998501	-2.2605478030112707	0.8380159642422204	-1.4225318387690504	0.8380159642422204
1.5149999999998496	-2.256333394249353	0.8338015832184182	-1.4225318110309348	0.8338015832184182
1.519999999999849	-2.2504878973395424	0.8279561008956144	-1.422531796443928	0.8279561008956144
1.5249999999998485	-2.243514544187691	0.8209827446919172	-1.4225317994957738	0.8209827446919172
1.529999999999848	-2.23597111919311	0.8134393212355967	-1.4225317979575136	0.8134393212355967
1.5349999999998474	-2.228395511674857	0.8058637287974115	-1.4225317828774455	0.8058637287974115
1.5399999999998468	-2.221319097359219	0.7987873208269788	-1.4225317765322405	0.7987873208269788
1.5449999999998463	-2.2153273342085105	0.7927955770845501	-1.4225317571239602	0.7927955770845501
1.5499999999998457	-2.211062765017682	0.7885309990622663	-1.4225317659554155	0.7885309990622663
1.5549999999998452	-2.2091210497537035	0.7865892951937972	-1.4225317545599065	0.7865892951937972
1.5599999999998446	-2.2098646501082073	0.7873328958645981	-1.4225317542436096	0.7873328958645981
1.564999999999844	-2.213294320560111	0.7907625495625321	-1.422531770997579	0.7907625495625321
1.5699999999998435	-2.2190345211793585	0.7965027244615311	-1.4225317967178273	0.7965027244615311
1.574999999999843	-2.2264042368675288	0.8038724002249826	-1.4225318366425461	0.8038724002249826
1.5799999999998424	-2.234521049611658	0.811989182277788	-1.42253186733387	0.811989182277788
1.5849999999998419	-2.2423917475008377	0.819859845429735	-1.4225319020711027	0.819859845429735
1.5899999999998413	-2.2489936495339347	0.8264617241261344	-1.4225319254078	0.8264617241261344
1.5949999999998408	-2.25338722358776	0.830855279551034	-1.4225319440367261	0.830855279551034
1.5999999999998402	-2.2548877821851705	0.8323558158840723	-1.422531966301098	0.8323558158840723
1.6049999999998397	-2.2532764838050356	0.830744519755948	-1.4225319640490879	0.830744519755948
1.6099999999998391	-2.2489259852091394	0.8263940509216411	-1.4225319342874982	0.8263940509216411
1.6149999999998386	-2.242811982381906	0.8202800758105947	-1.4225319065713113	0.8202800758105947
1.619999999999838	-2.236335541603177	0.8138036648530023	-1.4225318767501745	0.8138036648530023
1.6249999999998375	-2.2309999134931515	0.8084680942773617	-1.4225318192157896	0.8084680942773617
1.629999999999837	-2.2280363926356417	0.8055045929609176	-1.4225317996747242	0.8055045929609176
1.6349999999998364	-2.2280964308978866	0.8055646150627609	-1.4225318158351257	0.8055646150627609
1.6399999999998358	-2.231110083085874	0.808578276189881	-1.4225318068959931	0.808578276189881
1.6449999999998353	-2.236375772403494	0.813843934652293	-1.422531837751201	0.813843934652293
1.6499999999998347	-2.2428073163112403	0.8202754434231229	-1.422531872888117	0.8202754434231229
1.6549999999998342	-2.2491950379692853	0.8266631419005566	-1.422531896068729	0.8266631419005566
1.6599999999998336	-2.254432792379306	0.8319008871386033	-1.422531905240703	0.8319008871386033
1.664999999999833	-2.2577059645240176	0.8351740398522893	-1.4225319246717283	0.8351740398522893
1.6699999999998325	-2.2586477951664685	0.8361158611675928	-1.4225319339988756	0.8361158611675928
1.674999999999832	-2.257395735668062	0.8348638265287268	-1.4225319091393351	0.8348638265287268
1.6799999999998314	-2.254474835810783	0.8319429459524147	-1.422531889858368	0.8319429459524147
1.6849999999998309	-2.2505580230157274	0.8280261278948502	-1.4225318951208772	0.8280261278948502
1.6899999999998303	-2.2462160800367688	0.8236841922847408	-1.4225318877520283	0.8236841922847408
1.6949999999998298	-2.2418165229715936	0.8192846292927887	-1.4225318936788052	0.8192846292927887
1.6999999999998292	-2.2375717869603595	0.815039923832556	-1.4225318631278034	0.815039923832556
1.7049999999998287	-2.2336922255953007	0.8111603368966744	-1.4225318886986265	0.8111603368966744
1.709999999999828	-2.2305273071593916	0.8079953921832973	-1.4225319149760944	0.8079953921832973
1.7149999999998276	-2.2285944478938844	0.8060625279342467	-1.4225319199596373	0.8060625279342467
1.719999999999827	-2.2284749021594363	0.8059429959584898	-1.4225319062009465	0.8059429959584898
1.7249999999998264	-2.230584557342949	0.808052640058318	-1.422531917284631	0.808052640058318
1.729999999999826	-2.2349139316268802	0.8123820036012632	-1.4225319280256172	0.8123820036012632
1.7349999999998253	-2.240863062297602	0.8183310947148165	-1.4225319675827854	0.8183310947148165
1.7399999999998248	-2.24728273712105	0.8247507500895174	-1.422531987031533	0.8247507500895174
1.7449999999998242	-2.2527586942198408	0.8302266801941789	-1.4225320140256619	0.8302266801941789
1.7499999999998237	-2.2560903442396945	0.833558300255866	-1.4225320439838287	0.833558300255866
1.7549999999998231	-2.256732247661595	0.8342002126323175	-1.4225320350292776	0.8342002126323175
1.7599999999998226	-2.25499422111092	0.8324622259579223	-1.4225319951529978	0.8324622259579223
1.764999999999822	-2.251827570296449	0.8292956165461999	-1.4225319537502494	0.8292956165461999
1.7699999999998215	-2.2483078225371838	0.8257758878894994	-1.422531934647684	0.8257758878894994
1.774999999999821	-2.245170168476712	0.8226382161690468	-1.422531952307665	0.8226382161690468
1.7799999999998204	-2.2426493920428716	0.8201174265587067	-1.422531965484165	0.8201174265587067
1.7849999999998198	-2.240607537294174	0.818075570667243	-1.422531966626931	0.818075570667243
1.7899999999998193	-2.238704061627121	0.8161721147865295	-1.4225319468405917	0.8161721147865295
1.7949999999998187	-2.236479947461704	0.81394800358685	-1.422531943874854	0.81394800358685
1.7999999999998182	-2.233430634107382	0.8108986834572507	-1.4225319506501313	0.8108986834572507
1.8049999999998176	-2.2291331618585066	0.8066011953916541	-1.4225319664668528	0.8066011953916541
1.809999999999817	-2.2233963501026848	0.8008643770867856	-1.4225319730158992	0.8008643770867856
1.8149999999998165	-2.2163859991794466	0.7938540402343844	-1.422531958945062	0.7938540402343844
1.819999999999816	-2.20867464374013	0.7861427210885005	-1.4225319226516298	0.7861427210885005
1.8249999999998154	-2.201138852425605	0.7786069690224606	-1.4225318834031442	0.7786069690224606
1.8299999999998149	-2.1947262203138234	0.7721943690145148	-1.4225318512993084	0.7721943690145148
1.8349999999998143	-2.1902125211291885	0.767680678293444	-1.4225318428357443	0.767680678293444
1.8399999999998138	-2.1880263396596944	0.765494496771706	-1.4225318428879885	0.765494496771706
1.8449999999998132	-2.1882303939299788	0.7656985420861253	-1.4225318518438537	0.7656985420861253
1.8499999999998127	-2.1906223308385826	0.768090487023271	-1.4225318438153118	0.768090487023271
1.8549999999998121	-2.194842844233037	0.772310983828	-1.422531860405037	0.772310983828
1.8599999999998116	-2.200399717715216	0.7778678714042165	-1.4225318463109995	0.7778678714042165
1.864999999999811	-2.2066635606762293	0.784131700150788	-1.4225318605254413	0.784131700150788
1.8699999999998105	-2.212868474653298	0.7903365924774866	-1.422531882175811	0.7903365924774866
1.87499999999981	-2.2182017484825	0.7956698433521148	-1.4225319051303853	0.7956698433521148
1.8799999999998094	-2.2219594483795815	0.7994275488757467	-1.4225318995038345	0.7994275488757467
1.8849999999998088	-2.2237016630889923	0.8011697582197113	-1.422531904869281	0.8011697582197113
1.8899999999998083	-2.2233523159334276	0.8008204177945831	-1.4225318981388446	0.8008204177945831
1.8949999999998077	-2.2212184267514976	0.7986865637576409	-1.4225318629938568	0.7986865637576409
1.8999999999998072	-2.217889409106222	0.795357580683359	-1.4225318284228627	0.795357580683359
1.9049999999998066	-2.214076678937795	0.7915448600862107	-1.4225318188515836	0.7915448600862107
1.909999999999806	-2.2104357060611166	0.7879038794856751	-1.4225318265754412	0.7879038794856751
1.9149999999998055	-2.2074360117682903	0.784904198367219	-1.4225318134010712	0.784904198367219
1.919999999999805	-2.2053124039786836	0.7827805823695984	-1.4225318216090852	0.7827805823695984
1.9249999999998044	-2.2040584086176316	0.7815265764084262	-1.4225318322092053	0.7815265764084262
1.9299999999998039	-2.20342918618207	0.7808973485327698	-1.4225318376493004	0.7808973485327698
1.9349999999998033	-2.202960537581477	0.7804286817985511	-1.4225318557829263	0.7804286817985511
1.9399999999998028	-2.202081527905628	0.7795496628923331	-1.4225318650132948	0.7795496628923331
1.9449999999998022	-2.2003317359645296	0.7777998580811137	-1.422531877883416	0.7777998580811137
1.9499999999998017	-2.1975939033838654	0.7750620454284172	-1.4225318579554482	0.7750620454284172
1.9549999999998011	-2.194228299828048	0.7716964476379887	-1.422531852190059	0.7716964476379887
1.9599999999998006	-2.1910229440919817	0.7684911036802776	-1.4225318404117038	0.7684911036802776
1.9649999999998	-2.1889949746969273	0.7664631707752062	-1.4225318039217212	0.7664631707752062
1.9699999999997995	-2.189102888851949	0.7665711006049193	-1.4225317882470299	0.7665711006049193
1.974999999999799	-2.1918178405866895	0.7692860374879422	-1.4225318030987473	0.7692860374879422
1.9799999999997984	-2.196788982382761	0.7742571434856241	-1.4225318388971369	0.7742571434856241
1.9849999999997978	-2.20286276587566	0.7803308910592897	-1.4225318748163704	0.7803308910592897
1.9899999999997973	-2.2085957524823785	0.7860638509625312	-1.4225319015198472	0.7860638509625312
1.9949999999997967	-2.2129430749044587	0.7904111766116805	-1.4225318982927784	0.7904111766116805
1.9999999999997962	-2.215654478609879	0.7931225982600519	-1.422531880349827	0.7931225982600519
2.0049999999998067	-2.21723410136095	0.7947022477558907	-1.4225318536050593	0.7947022477558907
2.0099999999998173	-2.218624450263851	0.7960926263466872	-1.4225318239171634	0.7960926263466872
2.014999999999828	-2.2208565649455903	0.7983247875932575	-1.4225317773523323	0.7983247875932575
2.0199999999998384	-2.2247610239669067	0.8022292567460654	-1.422531767220841	0.8022292567460654
2.024999999999849	-2.230764095068261	0.8082323311122112	-1.4225317639560502	0.8082323311122112
2.0299999999998595	-2.2387547301099784	0.8162229542188498	-1.4225317758911284	0.8162229542188498
2.03499999999987	-2.2480776603048347	0.8255458596747122	-1.4225318006301224	0.8255458596747122
2.0399999999998806	-2.257683228879845	0.835151407496393	-1.4225318213834521	0.835151407496393
2.044999999999891	-2.266418395143088	0.8438865515021267	-1.422531843640961	0.8438865515021267
2.0499999999999017	-2.2733513436598236	0.8508195002455834	-1.42253184341424	0.8508195002455834
2.0549999999999122	-2.277936744719449	0.8554048953280474	-1.4225318493914019	0.8554048953280474
2.059999999999923	-2.2799652662707626	0.8574334159447818	-1.4225318503259807	0.8574334159447818
2.0649999999999333	-2.2794136390842397	0.856881788128757	-1.4225318509554825	0.856881788128757
2.069999999999944	-2.276348732777352	0.853816891957522	-1.4225318408198302	0.853816891957522
2.0749999999999544	-2.270969960615258	0.8484381095023525	-1.4225318511129055	0.8484381095023525
2.079999999999965	-2.263708802551991	0.8411769712885666	-1.4225318312634243	0.8411769712885666
2.0849999999999755	-2.2552935512977585	0.8327617438220319	-1.4225318074757263	0.8327617438220319
2.089999999999986	-2.246705396444115	0.824173608794811	-1.422531787649304	0.824173608794811
2.0949999999999966	-2.2390410077837015	0.8165092531296351	-1.4225317546540663	0.8165092531296351
2.100000000000007	-2.233287323719931	0.810755585628302	-1.4225317380916291	0.810755585628302
2.1050000000000177	-2.230081560101482	0.8075498246552887	-1.422531735446193	0.8075498246552887
2.1100000000000283	-2.229531400186804	0.8069996439864281	-1.4225317562003759	0.8069996439864281
2.115000000000039	-2.231153833048437	0.8086220488281224	-1.4225317842203145	0.8086220488281224
2.1200000000000494	-2.2339618973283835	0.8114300641699265	-1.4225318331584569	0.8114300641699265
2.12500000000006	-2.236658885953514	0.8141270127284534	-1.4225318732250605	0.8141270127284534
2.1300000000000705	-2.237853649822493	0.8153217208288289	-1.4225319289936642	0.8153217208288289
2.135000000000081	-2.236273861165104	0.813741889496562	-1.4225319716685416	0.813741889496562
2.1400000000000916	-2.230986703150802	0.8084547212328904	-1.4225319819179116	0.8084547212328904
2.145000000000102	-2.221710439596912	0.7991784780184287	-1.4225319615784835	0.7991784780184287
2.1500000000001127	-2.2091724526643683	0.7866405279713302	-1.4225319246930384	0.7866405279713302
2.1550000000001233	-2.1953333148063607	0.7728014610442132	-1.4225318537621479	0.7728014610442132
2.160000000000134	-2.1831205753930925	0.7605887970920611	-1.4225317783010314	0.7605887970920611
2.1650000000001444	-2.17548821235962	0.7529564595164102	-1.42253175284321	0.7529564595164102
2.170000000000155	-2.1741871959201267	0.7516554517883932	-1.4225317441317336	0.7516554517883932
2.1750000000001655	-2.179082609943196	0.7565508252869394	-1.4225317846562568	0.7565508252869394
2.180000000000176	-2.188554726058952	0.7660229022589377	-1.4225318238000144	0.7660229022589377
2.1850000000001866	-2.2005614209788775	0.7780295582540151	-1.4225318627248624	0.7780295582540151
2.190000000000197	-2.2135247076039857	0.7909928485569973	-1.4225318590469882	0.7909928485569973
2.1950000000002077	-2.2266141506479173	0.8040822982961079	-1.4225318523518091	0.8040822982961079
2.2000000000002182	-2.2395389937967924	0.8170071458827823	-1.4225318479140099	0.8170071458827823
2.2050000000002288	-2.2522244741927384	0.8296926270569288	-1.42253184713581	0.8296926270569288
2.2100000000002393	-2.2646372996776702	0.8421054491900254	-1.4225318504876447	0.8421054491900254
2.21500000000025	-2.2767821264613697	0.8542502815381283	-1.4225318449232411	0.8542502815381283
2.2200000000002604	-2.2887436651136612	0.8662118465264997	-1.4225318185871612	0.8662118465264997
2.225000000000271	-2.3006187551685313	0.8780869440820426	-1.422531811086489	0.8780869440820426
2.2300000000002815	-2.3123095800172235	0.8897777400137145	-1.422531840003509	0.8897777400137145
2.235000000000292	-2.3233404255883343	0.900808566742091	-1.4225318588462432	0.900808566742091
2.2400000000003026	-2.332858867193348	0.9103269833560184	-1.4225318838373295	0.9103269833560184
2.245000000000313	-2.3398622634553976	0.9173303693379857	-1.4225318941174117	0.9173303693379857
2.2500000000003237	-2.3435182232892875	0.9209863271651473	-1.4225318961241402	0.9209863271651473
2.2550000000003343	-2.343421485378591	0.9208896005983576	-1.4225318847802333	0.9208896005983576
2.260000000000345	-2.3396705625278558	0.9171386937617596	-1.4225318687660962	0.9171386937617596
2.2650000000003554	-2.3328341435445252	0.910302316411037	-1.4225318271334886	0.910302316411037
2.270000000000366	-2.323821947974499	0.901290145341265	-1.422531802633234	0.901290145341265
2.2750000000003765	-2.3137382354341067	0.8912064975816678	-1.4225317378524391	0.8912064975816678
2.280000000000387	-2.303717364033149	0.8811856476741038	-1.4225317163590454	0.8811856476741038
2.2850000000003976	-2.294789890938303	0.8722582041022746	-1.4225316868360283	0.8722582041022746
2.290000000000408	-2.287734241554566	0.8652025683446831	-1.422531673209883	0.8652025683446831
2.2950000000004187	-2.2829465980620927	0.8604149374889323	-1.4225316605731604	0.8604149374889323
2.3000000000004293	-2.2803514812728753	0.857819774169498	-1.4225317071033772	0.857819774169498
2.30500000000044	-2.2794188287899275	0.8568870928622833	-1.4225317359276444	0.8568870928622833
2.3100000000004504	-2.279291639492881	0.8567598845115587	-1.4225317549813223	0.8567598845115587
2.315000000000461	-2.2790150425224462	0.8564832533237852	-1.422531789198661	0.8564832533237852
2.3200000000004715	-2.277764814609907	0.8552330015315134	-1.422531813078394	0.8552330015315134
2.325000000000482	-2.275026806560863	0.852494985754263	-1.4225318208066	0.852494985754263
2.3300000000004926	-2.2706620272353355	0.8481302067863575	-1.422531820448978	0.8481302067863575
2.335000000000503	-2.264884535196938	0.8423527104700089	-1.4225318247269292	0.8423527104700089
2.3400000000005137	-2.258179943768447	0.8356481433831084	-1.4225318003853387	0.8356481433831084
2.345000000000524	-2.251225252351666	0.8286934756792994	-1.4225317766723666	0.8286934756792994
2.3500000000005348	-2.2447898043608334	0.8222580508257217	-1.4225317535351116	0.8222580508257217
2.3550000000005453	-2.239573666141504	0.817041929595686	-1.422531736545818	0.817041929595686
2.360000000000556	-2.235988413911469	0.8134566826490653	-1.4225317312624037	0.8134566826490653
2.3650000000005664	-2.23401706981058	0.8114853432311753	-1.4225317265794049	0.8114853432311753
2.370000000000577	-2.233246764418415	0.8107150198710766	-1.4225317445473382	0.8107150198710766
2.3750000000005875	-2.233045513299789	0.8105137457677332	-1.422531767532056	0.8105137457677332
2.380000000000598	-2.2327864781598787	0.810254707126897	-1.4225317710329817	0.810254707126897
2.3850000000006086	-2.2319841530904707	0.8094523668402175	-1.4225317862502533	0.8094523668402175
2.390000000000619	-2.230364514624074	0.8078327163976796	-1.4225317982263943	0.8078327163976796
2.3950000000006297	-2.227897795472343	0.8053659937463118	-1.4225318017260316	0.8053659937463118
2.4000000000006403	-2.2248534959526696	0.8023216977062395	-1.42253179824643	0.8023216977062395
2.405000000000651	-2.2218439343673073	0.7993121555521043	-1.4225317788152032	0.7993121555521043
2.4100000000006614	-2.219759400322134	0.7972276437520691	-1.4225317565700646	0.7972276437520691
2.415000000000672	-2.21956376429884	0.7970320215486812	-1.4225317427501591	0.7970320215486812
2.4200000000006825	-2.2219339713063255	0.7994022292722229	-1.4225317420341026	0.7994022292722229
2.425000000000693	-2.22689279403629	0.8043610358532078	-1.4225317581830823	0.8043610358532078
2.4300000000007036	-2.2336629672730965	0.8111311740762319	-1.4225317931968646	0.8111311740762319
2.435000000000714	-2.2408687901856497	0.8183369437529305	-1.4225318464327195	0.8183369437529305
2.4400000000007247	-2.246975574902859	0.8244436862870136	-1.4225318886158453	0.8244436862870136
2.4450000000007353	-2.2507350545490286	0.8282031610855521	-1.4225318934634765	0.8282031610855521
2.450000000000746	-2.2514636402742902	0.8289317592411891	-1.4225318810331011	0.8289317592411891
2.4550000000007564	-2.249153414264601	0.826621546126586	-1.422531868138015	0.826621546126586
2.460000000000767	-2.2444702669985066	0.8219384592246929	-1.4225318077738138	0.8219384592246929
2.4650000000007775	-2.2385549916042935	0.8160231940184468	-1.4225317975858465	0.8160231940184468
2.470000000000788	-2.232580873626951	0.8100491231192782	-1.4225317505076724	0.8100491231192782
2.4750000000007986	-2.227271989459389	0.8047402164161912	-1.422531773043198	0.8047402164161912
2.480000000000809	-2.2227232505586194	0.800191454838001	-1.422531795720618	0.800191454838001
2.4850000000008197	-2.2186227764685706	0.7960909466247656	-1.4225318298438052	0.7960909466247656
2.49000000000083	-2.2146322456250367	0.7921004357805691	-1.4225318098444677	0.7921004357805691
2.4950000000008408	-2.2106220349647705	0.7880902608642919	-1.4225317741004786	0.7880902608642919
2.5000000000008513	-2.2066987038354995	0.7841669404676267	-1.4225317633678727	0.7841669404676267
2.505000000000862	-2.2031413473775365	0.7806095998255738	-1.4225317475519625	0.7806095998255738
2.5100000000008724	-2.2003339817302257	0.7778022620665638	-1.4225317196636618	0.7778022620665638
2.515000000000883	-2.1987137500452447	0.776182062696531	-1.422531687348714	0.776182062696531
2.5200000000008935	-2.198724534889043	0.7761928799389689	-1.4225316549500742	0.7761928799389689
2.525000000000904	-2.2007311876745193	0.7781995450785157	-1.4225316425960033	0.7781995450785157
2.5300000000009146	-2.2048871629979616	0.7823555251986727	-1.4225316377992892	0.7823555251986727
2.535000000000925	-2.210968744957949	0.7884370798079456	-1.4225316651500035	0.7884370798079456
2.5400000000009357	-2.2182753458175934	0.7957436436829533	-1.42253170213464	0.7957436436829533
2.5450000000009463	-2.2257237941641765	0.8031920429008156	-1.4225317512633608	0.8031920429008156
2.550000000000957	-2.2320880301244266	0.8095562383464993	-1.4225317917779272	0.8095562383464993
2.5550000000009674	-2.2362733878293657	0.8137416069483823	-1.4225317808809836	0.8137416069483823
2.560000000000978	-2.237502601960464	0.8149707790990608	-1.4225318228614032	0.8149707790990608
2.5650000000009885	-2.2354377948065562	0.8129059835299618	-1.4225318112765946	0.8129059835299618
2.570000000000999	-2.2302631522234555	0.8077313427655275	-1.422531809457928	0.8077313427655275
2.5750000000010096	-2.222692266089289	0.8001604803762666	-1.4225317857130226	0.8001604803762666
2.58000000000102	-2.213845388816612	0.7913136341688901	-1.4225317546477214	0.7913136341688901
2.5850000000010307	-2.2050232818633906	0.7824915549204914	-1.422531726942899	0.7824915549204914
2.5900000000010412	-2.1974771412153355	0.774945435677843	-1.4225317055374926	0.774945435677843
2.595000000001052	-2.192244892105608	0.769713211535221	-1.4225316805703871	0.769713211535221
2.6000000000010624	-2.19007962982153	0.7675479689272724	-1.4225316608942575	0.7675479689272724
2.605000000001073	-2.191424529901147	0.7688928752614329	-1.4225316546397142	0.7688928752614329
2.6100000000010835	-2.1962893181989243	0.7737576491939098	-1.4225316690050145	0.7737576491939098
2.615000000001094	-2.2040678538804785	0.7815361610295433	-1.4225316928509353	0.7815361610295433
2.6200000000011046	-2.213438072808768	0.7909063382609912	-1.4225317345477766	0.7909063382609912
2.625000000001115	-2.222583191399565	0.8000514104030964	-1.4225317809964684	0.8000514104030964
2.6300000000011257	-2.2297165360184623	0.8071847301173024	-1.4225318059011596	0.8071847301173024
2.635000000001136	-2.2336435482129464	0.8111117343632954	-1.422531813849651	0.8111117343632954
2.6400000000011468	-2.2340476747729063	0.8115158826605173	-1.4225317921123892	0.8115158826605173
2.6450000000011573	-2.231349834919908	0.808818057356089	-1.422531777563819	0.808818057356089
2.650000000001168	-2.226289062410385	0.8037573023163371	-1.4225317600940475	0.8037573023163371
2.6550000000011784	-2.2195391175066668	0.7970073801835558	-1.422531737323111	0.7970073801835558
2.660000000001189	-2.211581811861604	0.7890500704663402	-1.4225317413952638	0.7890500704663402
2.6650000000011995	-2.2027779747430576	0.7802462425741862	-1.4225317321688713	0.7802462425741862
2.67000000000121	-2.193487896189997	0.7709561529660892	-1.4225317432239075	0.7709561529660892
2.6750000000012206	-2.1840946736276425	0.761562944062447	-1.4225317295651956	0.761562944062447
2.680000000001231	-2.1749551054292393	0.7524233792917702	-1.422531726137469	0.7524233792917702
2.6850000000012417	-2.166385065904312	0.7438533486470882	-1.4225317172572236	0.7438533486470882
2.6900000000012523	-2.1586599330301697	0.7361282234417337	-1.4225317095884362	0.7361282234417337
2.695000000001263	-2.151951763016898	0.7294200542463182	-1.4225317087705802	0.7294200542463182
2.7000000000012734	-2.146246594477116	0.723714877285346	-1.4225317171917704	0.723714877285346
2.705000000001284	-2.1413437940957825	0.7188120578360611	-1.4225317362597212	0.7188120578360611
2.7100000000012945	-2.1370153803840988	0.7144836515601116	-1.422531728823987	0.7144836515601116
2.715000000001305	-2.1332971334775714	0.7107654038995449	-1.4225317295780266	0.7107654038995449
2.7200000000013156	-2.13073221917956	0.7082005081089924	-1.4225317110705675	0.7082005081089924
2.725000000001326	-2.130392144300751	0.7078604752138437	-1.4225316690869072	0.7078604752138437
2.7300000000013367	-2.1335968186691834	0.7110651752738127	-1.4225316433953707	0.7110651752738127
2.7350000000013472	-2.1414419233806967	0.7189102891390275	-1.4225316342416692	0.7189102891390275
2.740000000001358	-2.154330624007134	0.7317989759343448	-1.422531648072789	0.7317989759343448
2.7450000000013683	-2.171728947697354	0.7491972629891938	-1.4225316847081604	0.7491972629891938
2.750000000001379	-2.192246294024122	0.769714580676428	-1.422531713347694	0.769714580676428
2.7550000000013894	-2.213936493151426	0.79140470713531	-1.4225317860161157	0.79140470713531
2.7600000000014	-2.234657925272306	0.8121260865449407	-1.422531838727365	0.8121260865449407
2.7650000000014106	-2.252386568401133	0.8298546750542496	-1.422531893346883	0.8298546750542496
2.770000000001421	-2.2654708983191183	0.8429390003143038	-1.4225318980048143	0.8429390003143038
2.7750000000014317	-2.2728754487705194	0.8503435493768708	-1.4225318993936487	0.8503435493768708
2.780000000001442	-2.274370667151478	0.8518387878612239	-1.422531879290254	0.8518387878612239
2.7850000000014528	-2.270599824656964	0.8480679870732422	-1.422531837583722	0.8480679870732422
2.7900000000014633	-2.2629532514482444	0.8404214725673249	-1.4225317788809195	0.8404214725673249
2.795000000001474	-2.2532447016609027	0.8307129696818065	-1.4225317319790962	0.8307129696818065
2.8000000000014844	-2.2432499226989555	0.8207182316940004	-1.422531691004955	0.8207182316940004
2.805000000001495	-2.23428621397708	0.8117545301224403	-1.4225316838546396	0.8117545301224403
2.8100000000015055	-2.226956504649913	0.8044248153497285	-1.4225316893001843	0.8044248153497285
2.815000000001516	-2.2211296507645426	0.7985979470004583	-1.4225317037640843	0.7985979470004583
2.8200000000015266	-2.216196679825726	0.7936649564451785	-1.4225317233805475	0.7936649564451785
2.825000000001537	-2.2116255957653417	0.789093851754741	-1.4225317440106005	0.789093851754741
2.8300000000015477	-2.2077008151576383	0.7851691094296794	-1.4225317057279592	0.7851691094296794
2.8350000000015583	-2.2060101869682454	0.7834785561831166	-1.422531630785129	0.7834785561831166
2.840000000001569	-2.208906694560554	0.7863751196214285	-1.4225315749391256	0.7863751196214285
2.8450000000015794	-2.217848502064554	0.7953169087499767	-1.422531593314577	0.7953169087499767
2.85000000000159	-2.231882225168076	0.80935056408769	-1.4225316610803855	0.80935056408769
2.8550000000016005	-2.24786349690681	0.825331750007974	-1.4225317468988359	0.825331750007974
2.860000000001611	-2.2621252737955304	0.839593453441136	-1.4225318203543946	0.839593453441136
2.8650000000016216	-2.2719465959470493	0.8494147586578551	-1.4225318372891946	0.8494147586578551
2.870000000001632	-2.2760161808046933	0.8534843256035507	-1.4225318552011423	0.8534843256035507
2.8750000000016427	-2.2742421529262877	0.8517103183490352	-1.4225318345772526	0.8517103183490352
2.8800000000016532	-2.2674488998596387	0.8449171127640482	-1.4225317870955902	0.8449171127640482
2.885000000001664	-2.257159194410934	0.8346274407677575	-1.4225317536431765	0.8346274407677575
2.8900000000016743	-2.2454339267724253	0.822902215785986	-1.4225317109864393	0.822902215785986
2.895000000001685	-2.234652087041152	0.8121204500394178	-1.4225316370017345	0.8121204500394178
2.9000000000016954	-2.22708941115186	0.8045577929660969	-1.422531618185763	0.8045577929660969
2.905000000001706	-2.2242308666537776	0.8016992287341382	-1.422531637919639	0.8016992287341382
2.9100000000017165	-2.226169821345887	0.8036381355194675	-1.4225316858264196	0.8036381355194675
2.915000000001727	-2.231625583518306	0.8090938400901106	-1.4225317434281954	0.8090938400901106
2.9200000000017377	-2.2388799479583863	0.8163481784921557	-1.4225317694662305	0.8163481784921557
2.925000000001748	-2.2471505946933545	0.8246188499123464	-1.422531744781008	0.8246188499123464
2.9300000000017588	-2.2571939964640144	0.8346622824728709	-1.4225317139911433	0.8346622824728709
2.9350000000017693	-2.270205462112337	0.8476737374213124	-1.4225317246910245	0.8476737374213124
2.94000000000178	-2.285772647844048	0.8632408273564832	-1.4225318204875645	0.8632408273564832
2.9450000000017904	-2.3011189192206274	0.8785870251384906	-1.4225318940821368	0.8785870251384906
2.950000000001801	-2.3124326371511095	0.8899006826949757	-1.4225319544561337	0.8899006826949757
2.9550000000018115	-2.3167869198566198	0.8942549706342207	-1.4225319492223991	0.8942549706342207
2.960000000001822	-2.3131363875179503	0.8906044641609181	-1.422531923357032	0.8906044641609181
2.9650000000018326	-2.302318960753688	0.8797871117397916	-1.422531849013896	0.8797871117397916
2.970000000001843	-2.286546265176357	0.8640145057588474	-1.4225317594175095	0.8640145057588474
2.9750000000018537	-2.268673677099494	0.8461419908813019	-1.4225316862181918	0.8461419908813019
2.9800000000018643	-2.2514302253218417	0.8288985815732908	-1.422531643748551	0.8288985815732908
2.985000000001875	-2.236800013289248	0.8142683999124959	-1.4225316133767523	0.8142683999124959
2.9900000000018854	-2.2258109320753827	0.8032793119481864	-1.4225316201271965	0.8032793119481864
2.995000000001896	-2.2187560464716114	0.7962244115430808	-1.4225316349285304	0.7962244115430808
3.0000000000019065	-2.215620460968314	0.7930888341667238	-1.4225316268015902	0.7930888341667238
3.005000000001917	-2.2163273401653867	0.7937956976707382	-1.4225316424946481	0.7937956976707382
3.0100000000019276	-2.2206562393583806	0.7981245815744021	-1.4225316577839784	0.7981245815744021
3.015000000001938	-2.228003400965849	0.8054717114570696	-1.4225316895087792	0.8054717114570696
3.0200000000019487	-2.237250339262638	0.8147185973762368	-1.4225317418864012	0.8147185973762368
3.0250000000019592	-2.2468572490083143	0.8243254544749425	-1.422531794533372	0.8243254544749425
3.03000000000197	-2.255153842958495	0.832622018114526	-1.4225318248439691	0.832622018114526
3.0350000000019803	-2.260678275910631	0.8381464474218672	-1.422531828488764	0.8381464474218672
3.040000000001991	-2.262410516929505	0.839878671082861	-1.4225318458466445	0.839878671082861
3.0450000000020014	-2.259859710259343	0.8373278876015067	-1.4225318226578363	0.8373278876015067
3.050000000002012	-2.253070159560134	0.8305383611578305	-1.4225317984023036	0.8305383611578305
3.0550000000020225	-2.2425625887743577	0.8200308408787442	-1.4225317478956134	0.8200308408787442
3.060000000002033	-2.229230078089016	0.8066983537554069	-1.4225317243336093	0.8066983537554069
3.0650000000020436	-2.2142193745572443	0.791687690808373	-1.4225316837488713	0.791687690808373
3.070000000002054	-2.1987750975275664	0.7762434412761636	-1.4225316562514023	0.7762434412761636
3.0750000000020647	-2.184079984825091	0.7615483425561945	-1.4225316422688965	0.7615483425561945
3.0800000000020753	-2.1711628045229343	0.7486311867120861	-1.422531617810848	0.7486311867120861
3.085000000002086	-2.160937601540908	0.7384059783755994	-1.4225316231653085	0.7384059783755994
3.0900000000020964	-2.154280280394611	0.7317486951857844	-1.4225315852088267	0.7317486951857844
3.095000000002107	-2.1520437694474137	0.7295122048652238	-1.4225315645821899	0.7295122048652238
3.1000000000021175	-2.154900695407865	0.7323691194168279	-1.422531575991037	0.7323691194168279
3.105000000002128	-2.1630936049222957	0.7405620283821601	-1.4225315765401354	0.7405620283821601
3.1100000000021386	-2.1763171162510533	0.7537855267138	-1.4225315895372532	0.7537855267138
3.115000000002149	-2.1938506156160793	0.7713190108437702	-1.4225316047723089	0.7713190108437702
3.1200000000021597	-2.2148345430964294	0.792302922019032	-1.4225316210773975	0.792302922019032
3.1250000000021703	-2.238437520379428	0.8159058860675726	-1.422531634311855	0.8159058860675726
3.130000000002181	-2.2638029364817145	0.8412712723260195	-1.4225316641556953	0.8412712723260195
3.1350000000021914	-2.2899047363888796	0.8673730370608778	-1.422531699328002	0.8673730370608778
3.140000000002202	-2.3154490991747014	0.8929173240803698	-1.4225317750943318	0.8929173240803698
3.1450000000022125	-2.3389574951730605	0.9164256819120347	-1.4225318132610254	0.9164256819120347
3.150000000002223	-2.3589830547532684	0.9364512294222369	-1.4225318253310315	0.9364512294222369
3.1550000000022336	-2.37434974472631	0.9518178979603814	-1.4225318467659287	0.9518178979603814
3.160000000002244	-2.3843263123803804	0.9617944589776638	-1.4225318534027165	0.9617944589776638
3.1650000000022547	-2.3886829531443667	0.9661511037013432	-1.4225318494430235	0.9661511037013432
3.1700000000022652	-2.3876599713233153	0.9651281243237717	-1.4225318469995438	0.9651281243237717
3.175000000002276	-2.3818790527774496	0.9593472215267006	-1.422531831250749	0.9593472215267006
3.1800000000022863	-2.3722626155501896	0.9497308222903356	-1.422531793259854	0.9497308222903356
3.185000000002297	-2.3599652634704973	0.9374335213092373	-1.4225317421612602	0.9374335213092373
3.1900000000023074	-2.3462964001031525	0.9237646939849329	-1.4225317061182199	0.9237646939849329
3.195000000002318	-2.3326135746677195	0.910081899421684	-1.4225316752460355	0.910081899421684
3.2000000000023285	-2.3201774955898005	0.8976458481940816	-1.4225316473957188	0.8976458481940816
3.205000000002339	-2.310013860009009	0.8874822390485746	-1.4225316209604346	0.8874822390485746
3.2100000000023496	-2.3028302843411455	0.8802986583688454	-1.4225316259723002	0.8802986583688454
3.21500000000236	-2.2989729486827635	0.8764413395705105	-1.422531609112253	0.8764413395705105
3.2200000000023707	-2.298407029453366	0.8758753985582979	-1.4225316308950682	0.8758753985582979
3.2250000000023813	-2.3007000483506954	0.8781683933093603	-1.4225316550413352	0.8781683933093603
3.230000000002392	-2.3050259214970388	0.8824942442319024	-1.4225316772651366	0.8824942442319024
3.2350000000024024	-2.3102718173613526	0.8877400871959891	-1.4225317301653633	0.8877400871959891
3.240000000002413	-2.3152403779753543	0.8927086400625237	-1.4225317379128304	0.8927086400625237
3.2450000000024235	-2.3188377028979765	0.8963059392696691	-1.4225317636283075	0.8963059392696691
3.250000000002434	-2.320160235456057	0.8976284431685141	-1.4225317922875427	0.8976284431685141
3.2550000000024446	-2.3184067898874936	0.8958749715997868	-1.4225318182877067	0.8958749715997868
3.260000000002455	-2.3127332562303495	0.890201395890005	-1.4225318603403445	0.890201395890005
3.2650000000024657	-2.302192532053503	0.8796606307659098	-1.4225319012875932	0.8796606307659098
3.2700000000024763	-2.28585331512676	0.8633213745673571	-1.422531940559403	0.8633213745673571
3.275000000002487	-2.263164623763157	0.840632686764157	-1.4225319369989997	0.840632686764157
3.2800000000024974	-2.23457733462949	0.8120454129679793	-1.4225319216615104	0.8120454129679793
3.285000000002508	-2.2023945047308273	0.7798627255134436	-1.4225317792173837	0.7798627255134436
3.2900000000025185	-2.171444681152819	0.7489130565030361	-1.4225316246497828	0.7489130565030361
3.295000000002529	-2.1484629189779194	0.7259314512194603	-1.4225314677584593	0.7259314512194603
3.3000000000025396	-2.1393164298509664	0.7167850000084673	-1.4225314298424991	0.7167850000084673
3.30500000000255	-2.145604471823269	0.7230729565893944	-1.4225315152338747	0.7230729565893944
3.3100000000025607	-2.163915247848413	0.7413835714461012	-1.4225316764023117	0.7413835714461012
3.3150000000025712	-2.1884350357015934	0.7659032348630471	-1.4225318008385466	0.7659032348630471
3.3200000000025818	-2.2141046060182124	0.7915727374706636	-1.4225318685475485	0.7915727374706636
3.3250000000025923	-2.2380016707099815	0.8154698141953641	-1.422531856514617	0.8154698141953641
3.330000000002603	-2.25907108889307	0.8365392618641175	-1.4225318270289522	0.8365392618641175
3.3350000000026134	-2.2772173916656477	0.85468557835171	-1.4225318133139375	0.85468557835171
3.340000000002624	-2.2925390001606187	0.8700071962052044	-1.4225318039554145	0.8700071962052044
3.3450000000026345	-2.304980978805301	0.8824491753783932	-1.4225318034269077	0.8824491753783932
3.350000000002645	-2.314326079097479	0.891794285731153	-1.422531793366326	0.891794285731153
3.3550000000026556	-2.320292288034999	0.8977604956410731	-1.4225317923939258	0.8977604956410731
3.360000000002666	-2.322638353037819	0.9001065598819781	-1.4225317931558408	0.9001065598819781
3.3650000000026767	-2.3212582757175166	0.8987264817913351	-1.4225317939261817	0.8987264817913351
3.3700000000026873	-2.316248007438736	0.8937162173937194	-1.422531790045017	0.8937162173937194
3.375000000002698	-2.307992002593124	0.8854602175226927	-1.422531785070431	0.8854602175226927
3.3800000000027084	-2.297220204907563	0.8746884442465443	-1.4225317606610188	0.8746884442465443
3.385000000002719	-2.2849617570396017	0.8624300119908141	-1.4225317450487873	0.8624300119908141
3.3900000000027295	-2.272379011541028	0.8498472968294684	-1.4225317147115595	0.8498472968294684
3.39500000000274	-2.26055786338867	0.8380261624016286	-1.422531700987041	0.8380261624016286
3.4000000000027506	-2.2503485256686018	0.8278168252155776	-1.4225317004530242	0.8278168252155776
3.405000000002761	-2.2423334200312293	0.8198017230748164	-1.4225316969564128	0.8198017230748164
3.4100000000027717	-2.2368697382787923	0.8143380245817418	-1.4225317136970506	0.8143380245817418
3.4150000000027823	-2.2341435001846714	0.8116118005379778	-1.422531699646694	0.8116118005379778
3.420000000002793	-2.234212310977759	0.8116806038162667	-1.4225317071614925	0.8116806038162667
3.4250000000028034	-2.2369933396926664	0.8144616235623492	-1.4225317161303173	0.8144616235623492
3.430000000002814	-2.242248093905362	0.8197163938880877	-1.4225317000172746	0.8197163938880877
3.4350000000028245	-2.249524814498894	0.8269931069546569	-1.4225317075442376	0.8269931069546569
3.440000000002835	-2.258127385902151	0.8355956669841921	-1.4225317189179594	0.8355956669841921
3.4450000000028456	-2.267158371966711	0.8446266278021727	-1.4225317441645384	0.8446266278021727
3.450000000002856	-2.275676735125618	0.853144976629344	-1.4225317584962738	0.853144976629344
3.4550000000028667	-2.282928389634109	0.8603966109242941	-1.4225317787098148	0.8603966109242941
3.460000000002877	-2.2885180626993487	0.8659862889658214	-1.4225317737335275	0.8659862889658214
3.4650000000028878	-2.2924386844671827	0.8699069316242521	-1.4225317528429304	0.8699069316242521
3.4700000000028983	-2.29492308949891	0.8723913627421287	-1.4225317267567812	0.8723913627421287
3.475000000002909	-2.2962297277646098	0.8736980032619479	-1.4225317245026619	0.8736980032619479
3.4800000000029194	-2.296482053915757	0.8739503323510707	-1.4225317215646862	0.8739503323510707
3.48500000000293	-2.2956203438467444	0.8730886150242964	-1.422531728822448	0.8730886150242964
3.4900000000029405	-2.293500501162035	0.8709687699317412	-1.422531731230294	0.8709687699317412
3.495000000002951	-2.2900265395504276	0.8674948138162094	-1.4225317257342183	0.8674948138162094
3.5000000000029616	-2.285273804409438	0.862742121047111	-1.4225316833623267	0.862742121047111
3.505000000002972	-2.279551720656129	0.8570200614834519	-1.4225316591726773	0.8570200614834519
3.5100000000029827	-2.2734032180744497	0.8508715774588309	-1.422531640615619	0.8508715774588309
3.5150000000029933	-2.267537552167347	0.845005948401896	-1.4225316037654512	0.845005948401896
3.520000000003004	-2.2627334271212844	0.8402018371018446	-1.42253159001944	0.8402018371018446
3.5250000000030144	-2.2597005777206105	0.8371690104203257	-1.4225315673002852	0.8371690104203257
3.530000000003025	-2.2589386067918413	0.8364070635138147	-1.4225315432780263	0.8364070635138147
3.5350000000030355	-2.260631344738933	0.8380998011382783	-1.4225315436006547	0.8380998011382783
3.540000000003046	-2.2645930116539272	0.8420614529388929	-1.4225315587150344	0.8420614529388929
3.5450000000030566	-2.2702908611380086	0.8477592849285355	-1.422531576209473	0.8477592849285355
3.550000000003067	-2.276944338980411	0.8544127500529377	-1.4225315889274737	0.8544127500529377
3.5550000000030777	-2.283657784665645	0.8611261719441565	-1.4225316127214886	0.8611261719441565
3.5600000000030882	-2.2895588686399866	0.8670272424325275	-1.4225316262074592	0.8670272424325275
3.565000000003099	-2.293924721663915	0.8713930608301668	-1.4225316608337482	0.8713930608301668
3.5700000000031094	-2.2962542593832636	0.8737225809224857	-1.4225316784607775	0.8737225809224857
3.57500000000312	-2.2963278700481577	0.8737962069822615	-1.4225316630658964	0.8737962069822615
3.5800000000031305	-2.2942153907879907	0.871683723395407	-1.4225316673925839	0.871683723395407
3.585000000003141	-2.29027173083025	0.8677400952692441	-1.4225316355610056	0.8677400952692441
3.5900000000031516	-2.285104435895734	0.8625728288280559	-1.4225316070676783	0.8625728288280559
3.595000000003162	-2.2795136429977836	0.8569820421942411	-1.4225316008035422	0.8569820421942411
3.6000000000031727	-2.2744060496725362	0.8518744694343099	-1.4225315802382263	0.8518744694343099
3.605000000003183	-2.2706538215585503	0.8481222692269587	-1.422531552331592	0.8481222692269587
3.6100000000031938	-2.26891616528607	0.8463846279699458	-1.422531537316124	0.8463846279699458
3.6150000000032043	-2.269507199365964	0.8469756580815059	-1.4225315412844584	0.8469756580815059
3.620000000003215	-2.272348927072341	0.8498173650927195	-1.4225315619796215	0.8498173650927195
3.6250000000032254	-2.2770488978362855	0.8545173090399732	-1.422531588796312	0.8545173090399732
3.630000000003236	-2.2830954489798865	0.8605638428973367	-1.4225316060825497	0.8605638428973367
3.6350000000032465	-2.2900293202935074	0.867497713642984	-1.4225316066505231	0.867497713642984
3.640000000003257	-2.2975204933442583	0.8749889045620722	-1.422531588782186	0.8749889045620722
3.6450000000032676	-2.305346550283354	0.8828149667393821	-1.4225315835439722	0.8828149667393821
3.650000000003278	-2.3132717914170997	0.8907402046167172	-1.4225315868003825	0.8907402046167172
3.6550000000032887	-2.3209296232395586	0.898398023217819	-1.4225316000217396	0.898398023217819
3.6600000000032993	-2.327753959919673	0.90522233897357	-1.4225316209461027	0.90522233897357
3.66500000000331	-2.3330027320462428	0.9104710960776135	-1.4225316359686295	0.9104710960776135
3.6700000000033204	-2.3358599502482305	0.9133282933745884	-1.4225316568736417	0.9133282933745884
3.675000000003331	-2.3356165380768794	0.9130848640440052	-1.4225316740328742	0.9130848640440052
3.6800000000033415	-2.3318617726154818	0.9093301099614951	-1.4225316626539868	0.9093301099614951
3.685000000003352	-2.324615534318598	0.9020838545784382	-1.4225316797401597	0.9020838545784382
3.6900000000033626	-2.314325128415415	0.8917934640931999	-1.4225316643222152	0.8917934640931999
3.695000000003373	-2.3017332694765993	0.8792016240766304	-1.422531645399969	0.8792016240766304
3.7000000000033837	-2.2876801915675395	0.8651485672461555	-1.422531624321384	0.8651485672461555
3.7050000000033942	-2.2729300775106616	0.8503984729657581	-1.4225316045449035	0.8503984729657581
3.710000000003405	-2.2581438851557003	0.8356122890306048	-1.4225315961250953	0.8356122890306048
3.7150000000034153	-2.2439801922524816	0.8214486120771892	-1.4225315801752925	0.8214486120771892
3.720000000003426	-2.2312493677979965	0.8087178292099729	-1.4225315385880237	0.8087178292099729
3.7250000000034365	-2.220961755665905	0.7984302402400588	-1.422531515425846	0.7984302402400588
3.730000000003447	-2.214137332704173	0.791605822115731	-1.422531510588442	0.791605822115731
3.7350000000034576	-2.2114036963182038	0.7888721971247468	-1.4225314991934568	0.7888721971247468
3.740000000003468	-2.2125603447420787	0.7900288103342816	-1.4225315344077973	0.7900288103342816
3.7450000000034787	-2.216409491150954	0.7938779001786671	-1.422531590972287	0.7938779001786671
3.750000000003489	-2.221007042615964	0.7984753949375536	-1.4225316476784102	0.7984753949375536
3.7550000000034998	-2.2242045673201645	0.801672875585117	-1.4225316917350475	0.801672875585117
3.7600000000035103	-2.224259382919183	0.801727669778666	-1.422531713140517	0.801727669778666
3.765000000003521	-2.2203060425319348	0.7977743329138746	-1.42253170961806	0.7977743329138746
3.7700000000035314	-2.2126112098577	0.7900795124870913	-1.4225316973706088	0.7900795124870913
3.775000000003542	-2.2025460142937514	0.7800143763513765	-1.4225316379423747	0.7800143763513765
3.7800000000035525	-2.192292722959178	0.7697611657364503	-1.4225315572227277	0.7697611657364503
3.785000000003563	-2.184283504599457	0.7617519956684617	-1.4225315089309953	0.7617519956684617
3.7900000000035736	-2.180535462122882	0.7580039792455868	-1.4225314828772953	0.7580039792455868
3.795000000003584	-2.1820693584911606	0.7595378731267826	-1.4225314853643778	0.7595378731267826
3.8000000000035947	-2.1886355662713504	0.766104050595952	-1.4225315156753984	0.766104050595952
3.8050000000036053	-2.198794857292069	0.7762632766942865	-1.4225315805977823	0.7762632766942865
3.810000000003616	-2.210327667103534	0.7877960438808713	-1.4225316232226626	0.7877960438808713
3.8150000000036264	-2.2207782776395484	0.7982466064046738	-1.4225316712348746	0.7982466064046738
3.820000000003637	-2.2280044587802323	0.8054727575140693	-1.4225317012661634	0.8054727575140693
3.8250000000036475	-2.23063210798196	0.8081004005237037	-1.4225317074582566	0.8081004005237037
3.830000000003658	-2.228351907047342	0.8058202307375818	-1.4225316763097602	0.8058202307375818
3.8350000000036686	-2.2220042771840665	0.7994726474903903	-1.4225316296936763	0.7994726474903903
3.840000000003679	-2.213379736357692	0.7908481685650394	-1.4225315677926529	0.7908481685650394
3.8450000000036897	-2.2047238068478787	0.7821923101771495	-1.4225314966707294	0.7821923101771495
3.8500000000037002	-2.1981343356592604	0.775602885010785	-1.4225314506484752	0.775602885010785
3.855000000003711	-2.195098920668947	0.7725674738974032	-1.4225314467715438	0.7725674738974032
3.8600000000037213	-2.1963829477283365	0.7738514927206515	-1.422531455007685	0.7738514927206515
3.865000000003732	-2.2021671661741142	0.7796357315596816	-1.4225314346144327	0.7796357315596816
3.8700000000037424	-2.21229738450787	0.7897659432069013	-1.4225314413009686	0.7897659432069013
3.875000000003753	-2.226484014888917	0.8039525703124747	-1.4225314445764423	0.8039525703124747
3.8800000000037635	-2.244355163602392	0.8218237336296069	-1.4225314299727854	0.8218237336296069
3.885000000003774	-2.2653295377025366	0.8427981004275358	-1.4225314372750009	0.8427981004275358
3.8900000000037847	-2.288418631739267	0.8658871795442136	-1.4225314521950534	0.8658871795442136
3.895000000003795	-2.3121868905703433	0.8896554148172722	-1.4225314757530714	0.8896554148172722
3.9000000000038058	-2.3349058224520784	0.9123743120069647	-1.422531510445114	0.9123743120069647
3.9050000000038163	-2.354859732253814	0.9323282008496033	-1.4225315314042104	0.9323282008496033
3.910000000003827	-2.3706192659116616	0.9480876844020262	-1.4225315815096353	0.9480876844020262
3.9150000000038374	-2.381192464020742	0.9586608589732246	-1.422531605047517	0.9586608589732246
3.920000000003848	-2.386044960897827	0.9635133225823017	-1.4225316383155253	0.9635133225823017
3.9250000000038585	-2.385041806462182	0.9625101685668587	-1.4225316378953232	0.9625101685668587
3.930000000003869	-2.378323198944388	0.9557915804326261	-1.4225316185117622	0.9557915804326261
3.9350000000038796	-2.366184278202985	0.9436526601763789	-1.4225316180266065	0.9436526601763789
3.94000000000389	-2.3489779489651545	0.9264463313964663	-1.4225316175686882	0.9264463313964663
3.9450000000039007	-2.3270764441238114	0.904544794221021	-1.4225316499027907	0.904544794221021
3.9500000000039113	-2.30089336893921	0.878361702697226	-1.4225316662419842	0.878361702697226
3.955000000003922	-2.271026351010446	0.8484946947299291	-1.422531656280517	0.8484946947299291
3.9600000000039324	-2.238458293129853	0.8159266385427945	-1.4225316545870583	0.8159266385427945
3.965000000003943	-2.204777553011243	0.7822459149725028	-1.42253163803874	0.7822459149725028
3.9700000000039535	-2.172355528120709	0.7498239597352695	-1.4225315683854394	0.7498239597352695
3.975000000003964	-2.1442872872145857	0.721755773803244	-1.4225315134113419	0.721755773803244
3.9800000000039746	-2.123895029260886	0.7013635649275836	-1.4225314643333022	0.7013635649275836
3.985000000003985	-2.1137530111064318	0.6912215756006147	-1.4225314355058167	0.6912215756006147
3.9900000000039957	-2.114769957334778	0.6922384820629967	-1.4225314752717815	0.6922384820629967
3.9950000000040062	-2.125999763579995	0.7034682517183383	-1.4225315118616566	0.7034682517183383
4.000000000004016	-2.1452805875408236	0.7227490182061749	-1.4225315693346487	0.7227490182061749
4.005000000004005	-2.170084585872084	0.7475529555443375	-1.422531630327746	0.7475529555443375
4.010000000003993	-2.19806064803926	0.7755289861442876	-1.4225316618949722	0.7755289861442876
4.015000000003981	-2.22714778777872	0.8046160706187987	-1.4225317171599212	0.8046160706187987
4.02000000000397	-2.2554714772288253	0.8329397124848937	-1.4225317647439317	0.8329397124848937
4.025000000003958	-2.281270673498608	0.8587388826091807	-1.422531790889427	0.8587388826091807
4.030000000003946	-2.3030012018812234	0.8804693933900556	-1.4225318084911676	0.8804693933900556
4.035000000003935	-2.3195995105564604	0.8970677081274958	-1.4225318024289646	0.8970677081274958
4.040000000003923	-2.33070765389458	0.9081758727753204	-1.42253178111926	0.9081758727753204
4.0450000000039115	-2.3367268302637205	0.914195072943657	-1.4225317573200635	0.914195072943657
4.0500000000039	-2.338668556792202	0.9161368325640058	-1.422531724228196	0.9161368325640058
4.055000000003888	-2.3378509910259155	0.9153193012195381	-1.4225316898063773	0.9153193012195381
4.0600000000038765	-2.3355400134859265	0.91300836112824	-1.4225316523576863	0.91300836112824
4.065000000003865	-2.3326397688381295	0.910108129286094	-1.4225316395520355	0.910108129286094
4.070000000003853	-2.3295331565970017	0.9070015007431094	-1.4225316558538923	0.9070015007431094
4.0750000000038415	-2.326170788878683	0.903639129576311	-1.422531659302372	0.903639129576311
4.08000000000383	-2.3224116489915785	0.8998799918264413	-1.4225316571651374	0.8998799918264413
4.085000000003818	-2.3184245132073587	0.8958928456993077	-1.4225316675080513	0.8958928456993077
4.090000000003807	-2.3148028784773067	0.8922712707187032	-1.4225316077586034	0.8922712707187032
4.095000000003795	-2.3123035206582774	0.8897719279019063	-1.4225315927563713	0.8897719279019063
4.100000000003783	-2.3114597088206863	0.8889281340136723	-1.4225315748070142	0.8889281340136723
4.105000000003772	-2.312323374183682	0.8897917875795107	-1.4225315866041712	0.8897917875795107
4.11000000000376	-2.3144174805998756	0.8918858630641351	-1.4225316175357403	0.8918858630641351
4.115000000003748	-2.3168251009980536	0.894293459271239	-1.4225316417268143	0.894293459271239
4.120000000003737	-2.318355896885797	0.8958242181213701	-1.422531678764427	0.8958242181213701
4.125000000003725	-2.317795970911371	0.8952642581406021	-1.4225317127707695	0.8952642581406021
4.130000000003713	-2.3141982785664528	0.8916665670108579	-1.4225317115555953	0.8916665670108579
4.135000000003702	-2.3071437546028557	0.8846120371209609	-1.4225317174818946	0.8846120371209609
4.14000000000369	-2.2969650707353857	0.8744333785274045	-1.4225316922079814	0.8744333785274045
4.145000000003678	-2.28496896045676	0.8624373276861631	-1.4225316327705968	0.8624373276861631
4.150000000003667	-2.273541756029083	0.8510101958755533	-1.42253156015353	0.8510101958755533
4.155000000003655	-2.2657800604837304	0.8432485811903864	-1.4225314792933443	0.8432485811903864
4.1600000000036434	-2.264418516249039	0.8418870622855978	-1.422531453963441	0.8418870622855978
4.165000000003632	-2.2705376643299275	0.8480061593882303	-1.4225315049416976	0.8480061593882303
4.17000000000362	-2.2829972471081477	0.8604656413866469	-1.4225316057215007	0.8604656413866469
4.1750000000036085	-2.299040984285253	0.8765093032674589	-1.4225316810177941	0.8765093032674589
4.180000000003597	-2.3154746080581634	0.8929428439861455	-1.422531764072018	0.8929428439861455
4.185000000003585	-2.329566888458654	0.9070350778804098	-1.422531810578244	0.9070350778804098
4.1900000000035735	-2.339372509537822	0.9168406610655857	-1.4225318484722362	0.9168406610655857
4.195000000003562	-2.343634256788481	0.9211023874786599	-1.4225318693098208	0.9211023874786599
4.20000000000355	-2.341574913965715	0.9190430231749958	-1.4225318907907194	0.9190430231749958
4.205000000003539	-2.3328253742919944	0.9102934829304296	-1.422531891361565	0.9102934829304296
4.210000000003527	-2.31760119710556	0.8950693327942085	-1.4225318643113516	0.8950693327942085
4.215000000003515	-2.2971019973188516	0.874570208040814	-1.4225317892780376	0.874570208040814
4.220000000003504	-2.273871241512515	0.851339560203057	-1.4225316813094582	0.851339560203057
4.225000000003492	-2.251708216821028	0.8291766398746705	-1.4225315769463578	0.8291766398746705
4.23000000000348	-2.2347018525675675	0.812170332721523	-1.4225315198460446	0.812170332721523
4.235000000003469	-2.225491566316861	0.8029600541119198	-1.422531512204941	0.8029600541119198
4.240000000003457	-2.2238556129832894	0.8013240095727028	-1.4225316034105864	0.8013240095727028
4.245000000003445	-2.2268624834312036	0.8043307719296113	-1.4225317115015923	0.8043307719296113
4.250000000003434	-2.230588469940707	0.8080566755411377	-1.422531794399569	0.8080566755411377
4.255000000003422	-2.232076797151417	0.8095449961957205	-1.4225318009556969	0.8095449961957205
4.26000000000341	-2.23044173150064	0.8079099754539376	-1.4225317560467021	0.8079099754539376
4.265000000003399	-2.2268648497439965	0.804333169858547	-1.4225316798854493	0.804333169858547
4.270000000003387	-2.223778568429885	0.8012469626820429	-1.4225316057478425	0.8012469626820429
4.275000000003375	-2.22365344952004	0.8011219042148788	-1.422531545305161	0.8011219042148788
4.280000000003364	-2.227856924377782	0.8053253686603525	-1.4225315557174296	0.8053253686603525
4.285000000003352	-2.23614306520383	0.8136114812163675	-1.4225315839874626	0.8136114812163675
4.2900000000033405	-2.246992533471021	0.824460900312466	-1.422531633158555	0.824460900312466
4.295000000003329	-2.2584490709124605	0.8359174129663196	-1.4225316579461407	0.8359174129663196
4.300000000003317	-2.268882923138361	0.8463512491961833	-1.4225316739421776	0.8463512491961833
4.3050000000033055	-2.2773201835825505	0.8547885178097636	-1.4225316657727871	0.8547885178097636
4.310000000003294	-2.2834108879107573	0.8608792243995091	-1.422531663511248	0.8608792243995091
4.315000000003282	-2.2872427502153823	0.8647111042529917	-1.4225316459623902	0.8647111042529917
4.320000000003271	-2.2891832441602524	0.8666516369021118	-1.4225316072581404	0.8666516369021118
4.325000000003259	-2.2898062362406204	0.8672746562200888	-1.4225315800205316	0.8672746562200888
4.330000000003247	-2.2898835233917056	0.8673519845464703	-1.4225315388452355	0.8673519845464703
4.335000000003236	-2.2903552834335446	0.8678237717635539	-1.4225315116699908	0.8678237717635539
4.340000000003224	-2.2922013655031916	0.8696698557768512	-1.4225315097263405	0.8696698557768512
4.345000000003212	-2.2961944363839515	0.8736629388207712	-1.4225314975631804	0.8736629388207712
4.350000000003201	-2.3025925354041523	0.8800610352251901	-1.4225315001789625	0.8800610352251901
4.355000000003189	-2.3109337578630527	0.8884022261140229	-1.42253153174903	0.8884022261140229
4.360000000003177	-2.320042341034612	0.8975107599712687	-1.4225315810633434	0.8975107599712687
4.365000000003166	-2.3282769386828424	0.9057453290468636	-1.4225316096359788	0.9057453290468636
4.370000000003154	-2.3338909465400017	0.9113592773351413	-1.4225316692048606	0.9113592773351413
4.375000000003142	-2.335428804080829	0.912897109032591	-1.422531695048238	0.912897109032591
4.380000000003131	-2.3320560415673106	0.9095243320564683	-1.4225317095108423	0.9095243320564683
4.385000000003119	-2.3238164276203443	0.9012847376070487	-1.4225316900132956	0.9012847376070487
4.390000000003107	-2.3117891455370128	0.8892574980199018	-1.422531647517111	0.8892574980199018
4.395000000003096	-2.298001628563819	0.8754700575860835	-1.4225315709777357	0.8754700575860835
4.400000000003084	-2.2849592198001516	0.8624277220272195	-1.4225314977729318	0.8624277220272195
4.4050000000030725	-2.2747682407431937	0.8522367701616221	-1.4225314705815715	0.8522367701616221
4.410000000003061	-2.2683273725528705	0.8457958608119527	-1.4225315117409179	0.8457958608119527
4.415000000003049	-2.2651866726018675	0.8426551375482528	-1.4225315350536147	0.8426551375482528
4.4200000000030375	-2.264243126584978	0.841711570356699	-1.422531556228279	0.841711570356699
4.425000000003026	-2.264683461368676	0.8421519155220067	-1.4225315458466694	0.8421519155220067
4.430000000003014	-2.2664795986149837	0.8439480658512022	-1.4225315327637813	0.8439480658512022
4.4350000000030025	-2.2701613652295363	0.847629849983258	-1.422531515246278	0.847629849983258
4.440000000002991	-2.2762009890070742	0.8536694730770354	-1.4225315159300385	0.8536694730770354
4.445000000002979	-2.284473007034576	0.8619414879319076	-1.4225315191026682	0.8619414879319076
4.450000000002968	-2.2941173444096825	0.8715857933685521	-1.4225315510411303	0.8715857933685521
4.455000000002956	-2.3037664503757007	0.881234846710583	-1.4225316036651179	0.881234846710583
4.460000000002944	-2.311927945861878	0.8893962937379658	-1.4225316521239122	0.8893962937379658
4.465000000002933	-2.3173378812235947	0.8948062061111399	-1.4225316751124546	0.8948062061111399
4.470000000002921	-2.319231218255185	0.8966995496431663	-1.4225316686120186	0.8966995496431663
4.475000000002909	-2.317507527169053	0.8949758804119362	-1.4225316467571167	0.8949758804119362
4.480000000002898	-2.312786659557615	0.8902550450213789	-1.422531614536236	0.8902550450213789
4.485000000002886	-2.306301729991416	0.8837701602772726	-1.4225315697141434	0.8837701602772726
4.490000000002874	-2.299579261746857	0.8770477360019884	-1.4225315257448687	0.8770477360019884
4.495000000002863	-2.2940197813944	0.8714882781641659	-1.4225315032302341	0.8714882781641659
4.500000000002851	-2.2905606908031904	0.8680292048836854	-1.4225314859195048	0.8680292048836854
4.505000000002839	-2.2896240573614866	0.867092555010954	-1.4225315023505323	0.867092555010954
4.510000000002828	-2.291318265252402	0.8687867515772681	-1.4225315136751333	0.8687867515772681
4.515000000002816	-2.29567392756786	0.8731423883598189	-1.4225315392080415	0.8731423883598189
4.520000000002804	-2.302739200892235	0.8802076586982089	-1.4225315421940263	0.8802076586982089
4.525000000002793	-2.31245508678307	0.8899235245722873	-1.4225315622107826	0.8899235245722873
4.530000000002781	-2.3244384763700565	0.9019069005872972	-1.4225315757827592	0.9019069005872972
4.5350000000027695	-2.3378382777944378	0.9153066474674071	-1.4225316303270303	0.9153066474674071
4.540000000002758	-2.3513816164680534	0.9288499850934444	-1.4225316313746088	0.9288499850934444
4.545000000002746	-2.3635975412946806	0.9410658828227867	-1.422531658471894	0.9410658828227867
4.5500000000027345	-2.373029608612604	0.9504979077279729	-1.4225317008846314	0.9504979077279729
4.555000000002723	-2.378387411271022	0.9558556882922369	-1.422531722978785	0.9558556882922369
4.560000000002711	-2.378644044502738	0.956112299638078	-1.4225317448646597	0.956112299638078
4.5650000000027	-2.3732222012957185	0.9506904745716227	-1.422531726724096	0.9506904745716227
4.570000000002688	-2.3622070546278993	0.9396753502694972	-1.4225317043584018	0.9396753502694972
4.575000000002676	-2.346466509131353	0.9239348447274807	-1.4225316644038721	0.9239348447274807
4.580000000002665	-2.3276047980130135	0.9050731818457595	-1.4225316161672539	0.9050731818457595
4.585000000002653	-2.3077812275240444	0.8852496681286448	-1.4225315593953993	0.8852496681286448
4.590000000002641	-2.2894514644373323	0.8669199732592129	-1.422531491178119	0.8669199732592129
4.59500000000263	-2.27504400616497	0.8525125626801346	-1.4225314434848355	0.8525125626801346
4.600000000002618	-2.2664670679201047	0.8439356415513976	-1.422531426368707	0.8439356415513976
4.605000000002606	-2.2644871071279775	0.8419556722799467	-1.4225314348480307	0.8419556722799467
4.610000000002595	-2.2682982664656643	0.8457667973177478	-1.4225314691479165	0.8457667973177478
4.615000000002583	-2.2757226488525317	0.8531911160979595	-1.422531532754572	0.8531911160979595
4.620000000002571	-2.284037016133188	0.861505460660809	-1.422531555472379	0.861505460660809
4.62500000000256	-2.290903704870205	0.8683721252017637	-1.4225315796684412	0.8683721252017637
4.630000000002548	-2.2948827923115847	0.872351193659747	-1.4225315986518376	0.872351193659747
4.635000000002536	-2.2954688498284277	0.8729372448644557	-1.4225316049639718	0.8729372448644557
4.640000000002525	-2.2928532867849163	0.8703216904591691	-1.4225315963257472	0.8703216904591691
4.645000000002513	-2.2876186863218675	0.865087105107132	-1.4225315812147354	0.865087105107132
4.6500000000025015	-2.280467038359341	0.8579354598724319	-1.4225315784869088	0.8579354598724319
4.65500000000249	-2.27202676022225	0.8494951760427767	-1.422531584179473	0.8494951760427767
4.660000000002478	-2.2628918016369473	0.8403602523186532	-1.4225315493182942	0.8403602523186532
4.6650000000024665	-2.254042356083948	0.8315108250659878	-1.4225315310179603	0.8315108250659878
4.670000000002455	-2.2474089853740424	0.8248775390764628	-1.4225314462975798	0.8248775390764628
4.675000000002443	-2.2457976560898905	0.8232662700116983	-1.422531386078192	0.8232662700116983
4.6800000000024315	-2.251535664486372	0.829004265369215	-1.4225313991171573	0.829004265369215
4.68500000000242	-2.2644976962651713	0.8419662039656369	-1.4225314922995347	0.8419662039656369
4.690000000002408	-2.281440156921972	0.8589085463614952	-1.422531610560477	0.8589085463614952
4.695000000002397	-2.297522463015139	0.8749907363507387	-1.4225317266644004	0.8749907363507387
4.700000000002385	-2.308605377267991	0.8860736190281915	-1.4225317582397998	0.8860736190281915
4.705000000002373	-2.3125886510303375	0.8900569049783236	-1.4225317460520137	0.8900569049783236
4.710000000002362	-2.3094688275179966	0.8869371322233205	-1.4225316952946758	0.8869371322233205
4.71500000000235	-2.300751722211313	0.8782201150401997	-1.4225316071711132	0.8782201150401997
4.720000000002338	-2.2887833701813713	0.8662518265648447	-1.4225315436165267	0.8662518265648447
4.725000000002327	-2.2761655211974103	0.8536340335730049	-1.4225314876244055	0.8536340335730049
4.730000000002315	-2.2652472297256403	0.8427157875484816	-1.4225314421771589	0.8427157875484816
4.735000000002303	-2.2577032998627633	0.8351718687156019	-1.4225314311471613	0.8351718687156019
4.740000000002292	-2.254362618919812	0.8318311924619235	-1.4225314264578883	0.8318311924619235
4.74500000000228	-2.255291569712946	0.8327601251950947	-1.4225314445178512	0.8327601251950947
4.750000000002268	-2.2599073346648884	0.8373758509274408	-1.4225314837374474	0.8373758509274408
4.755000000002257	-2.266942054348265	0.8444105226872941	-1.4225315316609706	0.8444105226872941
4.760000000002245	-2.2745332949587405	0.852001694376118	-1.4225316005826227	0.852001694376118
4.7650000000022334	-2.280696601547449	0.8581649405690054	-1.4225316609784437	0.8581649405690054
4.770000000002222	-2.2840112980872678	0.8614796318997894	-1.4225316661874785	0.8614796318997894
4.77500000000221	-2.284050693969081	0.8615190462524255	-1.4225316477166559	0.8615190462524255
4.7800000000021985	-2.2813116415827874	0.8587800255279946	-1.4225316160547925	0.8587800255279946
4.785000000002187	-2.27680801216158	0.8542764236194194	-1.4225315885421608	0.8542764236194194
4.790000000002175	-2.271654535119174	0.849122949871323	-1.422531585247851	0.849122949871323
4.7950000000021635	-2.2667843884470824	0.8442528150688614	-1.4225315733782211	0.8442528150688614
4.800000000002152	-2.2628310061719437	0.8402994363039373	-1.4225315698680066	0.8402994363039373
4.80500000000214	-2.2600822768568145	0.8375507146018333	-1.4225315622549812	0.8375507146018333
4.810000000002129	-2.2584586449508213	0.8359270144817063	-1.4225316304691151	0.8359270144817063
4.815000000002117	-2.257592848404125	0.8350612095024518	-1.4225316389016733	0.8350612095024518
4.820000000002105	-2.2570593789556326	0.8345277159055396	-1.4225316630500928	0.8345277159055396
4.825000000002094	-2.2567126456396025	0.8341809868792897	-1.422531658760313	0.8341809868792897
4.830000000002082	-2.256904842191513	0.8343732068861534	-1.4225316353053596	0.8343732068861534
4.83500000000207	-2.258459722868112	0.835928110764339	-1.422531612103773	0.835928110764339
4.840000000002059	-2.2623179749737172	0.8397863909488028	-1.422531584024914	0.8397863909488028
4.845000000002047	-2.2690722917437647	0.8465407044703227	-1.422531587273442	0.8465407044703227
4.850000000002035	-2.2786708441376384	0.8561392490961481	-1.4225315950414903	0.8561392490961481
4.855000000002024	-2.290477892407203	0.8679462796705237	-1.4225316127366794	0.8679462796705237
4.860000000002012	-2.3036834663822314	0.8811518383604442	-1.4225316280217875	0.8811518383604442
4.865000000002	-2.317749322798082	0.895217684877316	-1.422531637920766	0.895217684877316
4.870000000001989	-2.332569610699524	0.9100379504036268	-1.4225316602958975	0.9100379504036268
4.875000000001977	-2.3480898978643507	0.9255582102431841	-1.4225316876211667	0.9255582102431841
4.880000000001965	-2.3636419702742675	0.9411102317393341	-1.4225317385349336	0.9411102317393341
4.885000000001954	-2.3775757973419887	0.9550439973636083	-1.4225317999783806	0.9550439973636083
4.890000000001942	-2.387523287247738	0.9649914354799977	-1.4225318517677403	0.9649914354799977
4.8950000000019305	-2.39108626692791	0.9685544085806975	-1.4225318583472124	0.9685544085806975
4.900000000001919	-2.38648983867208	0.9639579472653621	-1.422531891406718	0.9639579472653621
4.905000000001907	-2.373040448347372	0.9505085478908222	-1.42253190045655	0.9505085478908222
4.9100000000018955	-2.351355843384937	0.9288239992387879	-1.422531844146149	0.9288239992387879
4.915000000001884	-2.323496594996233	0.9009648124759502	-1.422531782520283	0.9009648124759502
4.920000000001872	-2.29298478155499	0.8704531195248708	-1.4225316620301192	0.8704531195248708
4.925000000001861	-2.264510052609291	0.8419785193194381	-1.4225315332898532	0.8419785193194381
4.930000000001849	-2.243165466307379	0.8206340597217396	-1.4225314065856391	0.8206340597217396
4.935000000001837	-2.233136061108443	0.8106047208554717	-1.4225313402529713	0.8106047208554717
4.940000000001826	-2.236247161752551	0.8137158006099194	-1.4225313611426316	0.8137158006099194
4.945000000001814	-2.251215025930551	0.8286835756996115	-1.4225314502309394	0.8286835756996115
4.950000000001802	-2.2741408927993514	0.8516093088018968	-1.4225315839974544	0.8516093088018968
4.955000000001791	-2.300003773216203	0.8774720642822146	-1.4225317089339882	0.8774720642822146
4.960000000001779	-2.3242322582585513	0.9017004713811929	-1.4225317868773584	0.9017004713811929
4.965000000001767	-2.3436615610796174	0.9211297687547821	-1.4225317923248355	0.9211297687547821
4.970000000001756	-2.35675215098385	0.9342203662287507	-1.4225317847550991	0.9342203662287507
4.975000000001744	-2.363328358605874	0.9407966235537687	-1.4225317350521056	0.9407966235537687
4.980000000001732	-2.3641278751808703	0.9415961836753062	-1.4225316915055644	0.9415961836753062
4.985000000001721	-2.360298534891248	0.9377668758159561	-1.4225316590752917	0.9377668758159561
4.990000000001709	-2.3529889573485687	0.9304573214805169	-1.4225316358680518	0.9304573214805169
4.995000000001697	-2.3432000554667143	0.9206684533924936	-1.4225316020742207	0.9206684533924936
5.000000000001686	-2.3319625146700633	0.9094309391473117	-1.422531575522752	0.9094309391473117
