# t	u	ec	e	T
0.005	-2.409077261933522	0.986052463327553	-1.4230247986059692	0.986052463327553
0.009999999999999995	-2.3894389351645096	0.9664141614880226	-1.423024773676487	0.9664141614880226
0.014999999999999965	-2.3631777883442275	0.9401530512678	-1.4230247370764273	0.9401530512678
0.019999999999999934	-2.3319242445135075	0.9088995480587116	-1.4230246964547957	0.9088995480587116
0.024999999999999904	-2.2974994777973468	0.874474791655471	-1.423024686141876	0.874474791655471
0.029999999999999874	-2.26145753874437	0.8384328752278307	-1.4230246635165391	0.8384328752278307
0.034999999999999976	-2.2246879405058384	0.8016632734275098	-1.4230246670783289	0.8016632734275098
0.04000000000000012	-2.187334296470263	0.7643096035326036	-1.4230246929376593	0.7643096035326036
0.04500000000000026	-2.1491550110752256	0.7261303121737618	-1.4230246989014639	0.7261303121737618
0.050000000000000405	-2.110194674626746	0.6871699718751624	-1.4230247027515832	0.6871699718751624
0.05500000000000055	-2.0713462366188287	0.6483215690212787	-1.4230246675975502	0.6483215690212787
0.06000000000000069	-2.034479160823394	0.6114545561302007	-1.4230246046931934	0.6114545561302007
0.06500000000000083	-2.0020551476344806	0.579030607899514	-1.4230245397349666	0.579030607899514
0.07000000000000098	-1.9764400387314256	0.55341554110391	-1.4230244976275157	0.55341554110391
0.07500000000000112	-1.9592338426146583	0.5362093605372923	-1.423024482077366	0.5362093605372923
0.08000000000000126	-1.9509426483616188	0.527918143948672	-1.4230245044129466	0.527918143948672
0.08500000000000141	-1.951035017093737	0.5280104833030793	-1.4230245337906575	0.5280104833030793
0.09000000000000155	-1.9582695683841154	0.5352450089222086	-1.4230245594619069	0.5352450089222086
0.0950000000000017	-1.9710683760208147	0.5480437897620529	-1.4230245862587616	0.5480437897620529
0.10000000000000184	-1.9877668739982604	0.5647422566140154	-1.4230246173842451	0.5647422566140154
0.10500000000000198	-2.0067062943284206	0.583681641856939	-1.4230246524714818	0.583681641856939
0.11000000000000212	-2.0262430747045723	0.6032183851262751	-1.4230246895782972	0.6032183851262751
0.11500000000000227	-2.044771498851704	0.6217467690414807	-1.4230247298102234	0.6217467690414807
0.12000000000000241	-2.060820545819828	0.6377957845186478	-1.4230247613011802	0.6377957845186478
0.12500000000000255	-2.0732315131710575	0.6502067455148596	-1.4230247676561976	0.6502067455148596
0.130000000000002	-2.081356277390194	0.6583315223278859	-1.4230247550623083	0.6583315223278859
0.13500000000000145	-2.0851879153430404	0.6621631756010146	-1.4230247397420257	0.6621631756010146
0.1400000000000009	-2.085396877052376	0.6623721652813169	-1.4230247117710588	0.6623721652813169
0.14500000000000035	-2.083247342562013	0.6602226758015378	-1.4230246667604751	0.6602226758015378
0.1499999999999998	-2.0804009443186864	0.6573763302949487	-1.4230246140237375	0.6573763302949487
0.15499999999999925	-2.0786393695826715	0.6556148026527157	-1.4230245669299557	0.6556148026527157
0.1599999999999987	-2.0795419300874944	0.656517407665766	-1.4230245224217284	0.656517407665766
0.16499999999999815	-2.084187185301644	0.6611626689319097	-1.423024516369734	0.6611626689319097
0.1699999999999976	-2.092955478700157	0.6699309530035314	-1.4230245256966259	0.6699309530035314
0.17499999999999705	-2.1054873208937797	0.682462770832214	-1.4230245500615655	0.682462770832214
0.1799999999999965	-2.1208194116309182	0.6977948260640708	-1.423024585566847	0.6977948260640708
0.18499999999999595	-2.1376320195287914	0.7146073975498165	-1.423024621978975	0.7146073975498165
0.1899999999999954	-2.1545267159197055	0.7315020551444907	-1.4230246607752144	0.7315020551444907
0.19499999999999484	-2.1702274790789335	0.7472027759330682	-1.4230247031458652	0.7472027759330682
0.1999999999999943	-2.1836811900437954	0.7606564863168701	-1.4230247037269255	0.7606564863168701
0.20499999999999374	-2.194075484046242	0.7710507704368489	-1.423024713609393	0.7710507704368489
0.2099999999999932	-2.2008472702966624	0.7778225324932445	-1.4230247378034182	0.7778225324932445
0.21499999999999264	-2.2037099272012846	0.7806851854852701	-1.4230247417160147	0.7806851854852701
0.2199999999999921	-2.202722302551651	0.779697579697319	-1.4230247228543322	0.779697579697319
0.22499999999999154	-2.1983707667847217	0.7753460661362288	-1.4230247006484928	0.7753460661362288
0.229999999999991	-2.1916152492642214	0.7685905777936878	-1.4230246714705337	0.7685905777936878
0.23499999999999044	-2.1838240518242724	0.7607994200909061	-1.4230246317333661	0.7607994200909061
0.2399999999999899	-2.1765900420488564	0.7535654310965395	-1.423024610952317	0.7535654310965395
0.24499999999998934	-2.1714417529122545	0.7484171671012408	-1.4230245858110135	0.7484171671012408
0.2499999999999888	-2.1695367157260925	0.7465121432194941	-1.4230245725065982	0.7465121432194941
0.25499999999998824	-2.1714711743824173	0.7484466007861541	-1.4230245735962632	0.7484466007861541
0.2599999999999877	-2.177259199263106	0.7542346059580596	-1.4230245933050463	0.7542346059580596
0.26499999999998713	-2.186455782423197	0.7634311627215205	-1.4230246197016765	0.7634311627215205
0.2699999999999866	-2.1983341347690337	0.7753094927434842	-1.4230246420255495	0.7753094927434842
0.27499999999998603	-2.2119882802966853	0.7889635911219979	-1.4230246891746874	0.7889635911219979
0.2799999999999855	-2.226341597227079	0.8033168889420813	-1.4230247082849978	0.8033168889420813
0.28499999999998493	-2.2401193164720414	0.8170945673803685	-1.423024749091673	0.8170945673803685
0.2899999999999844	-2.2519290300664143	0.8289042446998327	-1.4230247853665816	0.8289042446998327
0.29499999999998383	-2.2604681622627583	0.8374433552769814	-1.4230248069857765	0.8374433552769814
0.2999999999999833	-2.2647883818726573	0.8417635687329283	-1.4230248131397292	0.8417635687329283
0.30499999999998273	-2.2645166531024192	0.8414918502911429	-1.423024802811276	0.8414918502911429
0.3099999999999822	-2.2599390301332867	0.8369142669980753	-1.4230247631352113	0.8369142669980753
0.31499999999998163	-2.2519629922288886	0.8289382401236689	-1.4230247521052195	0.8289382401236689
0.3199999999999811	-2.241944215936694	0.818919487444997	-1.423024728491697	0.818919487444997
0.3249999999999805	-2.2314719254099042	0.808447228063452	-1.423024697346452	0.808447228063452
0.32999999999998	-2.2220822261899476	0.7990575615413888	-1.423024664648559	0.7990575615413888
0.3349999999999794	-2.214955018830263	0.7919303728680305	-1.4230246459622324	0.7919303728680305
0.3399999999999789	-2.210673385446172	0.7876487373222004	-1.4230246481239721	0.7876487373222004
0.3449999999999783	-2.2091209732708816	0.7860963041756175	-1.423024669095264	0.7860963041756175
0.3499999999999778	-2.2095612648795764	0.7865365599655609	-1.4230247049140152	0.7865365599655609
0.3549999999999772	-2.2108636639806667	0.7878389181291874	-1.4230247458514793	0.7878389181291874
0.35999999999997667	-2.2117859179524393	0.7887610961993791	-1.42302482175306	0.7887610961993791
0.3649999999999761	-2.211237298480052	0.7882124711596539	-1.4230248273203983	0.7882124711596539
0.36999999999997557	-2.208490122640345	0.785465287917718	-1.4230248347226269	0.785465287917718
0.374999999999975	-2.2032911355073623	0.7802663143680096	-1.423024821139353	0.7802663143680096
0.37999999999997447	-2.195888632576176	0.7728638183426749	-1.4230248142335011	0.7728638183426749
0.3849999999999739	-2.1869880559823254	0.7639632745375451	-1.42302478144478	0.7639632745375451
0.38999999999997337	-2.1776512287344345	0.7546264866759674	-1.4230247420584672	0.7546264866759674
0.3949999999999728	-2.1691461825951803	0.7461214724923044	-1.4230247101028757	0.7461214724923044
0.39999999999997227	-2.162750339502948	0.7397256806734406	-1.4230246588295075	0.7397256806734406
0.4049999999999717	-2.1595118194739205	0.7364871754038108	-1.4230246440701098	0.7364871754038108
0.40999999999997117	-2.1600096320488356	0.7369849978166527	-1.4230246342321828	0.7369849978166527
0.4149999999999706	-2.164220190273411	0.7411955651623898	-1.4230246251110215	0.7411955651623898
0.41999999999997006	-2.1715129862786626	0.7484883557669165	-1.4230246305117458	0.7484883557669165
0.4249999999999695	-2.1808143408987823	0.7577896799555177	-1.4230246609432646	0.7577896799555177
0.42999999999996896	-2.1908607591067173	0.7678360571991903	-1.4230247019075266	0.7678360571991903
0.4349999999999684	-2.2004268891342385	0.7774021664253346	-1.4230247227089037	0.7774021664253346
0.43999999999996786	-2.208446269124105	0.7854215261458897	-1.4230247429782157	0.7854215261458897
0.4449999999999673	-2.21403382690287	0.7910090666494912	-1.4230247602533785	0.7910090666494912
0.44999999999996676	-2.216459984132159	0.7934352123690863	-1.4230247717630726	0.7934352123690863
0.4549999999999662	-2.2151767995168687	0.7921520234775614	-1.4230247760393069	0.7921520234775614
0.45999999999996566	-2.209948171135798	0.78692341302729	-1.4230247581085076	0.78692341302729
0.4649999999999651	-2.200990230492441	0.7779654886248265	-1.4230247418676145	0.7779654886248265
0.46999999999996456	-2.189076410783718	0.7660516840951537	-1.423024726688564	0.7660516840951537
0.474999999999964	-2.17547479227684	0.7524501288632846	-1.4230246634135557	0.7524501288632846
0.47999999999996346	-2.1617251244711575	0.738700516891618	-1.4230246075795394	0.738700516891618
0.4849999999999629	-2.149337389392986	0.7263128135162531	-1.423024575876733	0.7263128135162531
0.48999999999996235	-2.139534161765901	0.7165096044913909	-1.4230245572745102	0.7165096044913909
0.4949999999999618	-2.133126668540446	0.710102108206436	-1.42302456033401	0.710102108206436
0.49999999999996125	-2.1305352907230897	0.7075107364093207	-1.4230245543137687	0.7075107364093207
0.5049999999999607	-2.1318736564398937	0.708849116188039	-1.4230245402518547	0.708849116188039
0.5099999999999602	-2.137039821927264	0.7140152730259046	-1.4230245489013595	0.7140152730259046
0.5149999999999596	-2.145757387740197	0.7227328388078916	-1.4230245489323052	0.7227328388078916
0.519999999999959	-2.1576099926672963	0.7345854328296352	-1.423024559837661	0.7345854328296352
0.5249999999999585	-2.172054651070178	0.7490300720609792	-1.4230245790091987	0.7490300720609792
0.529999999999958	-2.188433481466428	0.7654088904604954	-1.4230245910059325	0.7654088904604954
0.5349999999999574	-2.2059747013525137	0.782950098088107	-1.4230246032644067	0.782950098088107
0.5399999999999568	-2.2238062290828813	0.8007815963537738	-1.4230246327291076	0.8007815963537738
0.5449999999999563	-2.240985624415888	0.8179609702837978	-1.4230246541320906	0.8179609702837978
0.5499999999999557	-2.2565594572422025	0.8335347880764143	-1.4230246691657882	0.8335347880764143
0.5549999999999552	-2.269661205246356	0.8466365278182779	-1.4230246774280784	0.8466365278182779
0.5599999999999546	-2.279625259672331	0.8566005798319183	-1.4230246798404125	0.8566005798319183
0.5649999999999541	-2.2860946105623943	0.8630699234014984	-1.4230246871608958	0.8630699234014984
0.5699999999999535	-2.2890769597673746	0.8660523028161141	-1.4230246569512603	0.8660523028161141
0.574999999999953	-2.288911379814886	0.8658867394985755	-1.4230246403163103	0.8658867394985755
0.5799999999999524	-2.2861579383033863	0.863133299986512	-1.4230246383168745	0.863133299986512
0.5849999999999519	-2.2814354251217663	0.8584108306971426	-1.423024594424624	0.8584108306971426
0.5899999999999513	-2.275316581550889	0.8522920043356024	-1.4230245772152867	0.8522920043356024
0.5949999999999508	-2.268330401338003	0.8453058801526921	-1.4230245211853108	0.8453058801526921
0.5999999999999502	-2.261054027824482	0.838029515304545	-1.4230245125199372	0.838029515304545
0.6049999999999497	-2.254198913175832	0.8311744052418039	-1.423024507934028	0.8311744052418039
0.6099999999999491	-2.2485832396989944	0.8255587495380524	-1.4230244901609421	0.8255587495380524
0.6149999999999486	-2.2449942650378873	0.8219697865279371	-1.4230244785099506	0.8219697865279371
0.619999999999948	-2.244005812378272	0.8209813528505618	-1.42302445952771	0.8209813528505618
0.6249999999999475	-2.245839483716204	0.8228150128784594	-1.4230244708377446	0.8228150128784594
0.6299999999999469	-2.250317078556956	0.8272926023363832	-1.4230244762205728	0.8272926023363832
0.6349999999999464	-2.256878453612379	0.8338539345583378	-1.4230245190540416	0.8338539345583378
0.6399999999999458	-2.2646362631176307	0.8416117001398591	-1.4230245629777716	0.8416117001398591
0.6449999999999453	-2.2724938099302188	0.849469206477509	-1.4230246034527096	0.849469206477509
0.6499999999999447	-2.279289867090847	0.8562652284865326	-1.4230246386043144	0.8562652284865326
0.6549999999999442	-2.2839602168245374	0.8609355633618284	-1.4230246534627091	0.8609355633618284
0.6599999999999436	-2.285733345543093	0.8627086708916114	-1.4230246746514814	0.8627086708916114
0.6649999999999431	-2.28430326520388	0.8612786020224464	-1.4230246631814336	0.8612786020224464
0.6699999999999425	-2.279989442426726	0.8569647960923521	-1.4230246463343739	0.8569647960923521
0.674999999999942	-2.273796197983782	0.8507715882964066	-1.4230246096873753	0.8507715882964066
0.6799999999999414	-2.2672187657175256	0.8441941996871353	-1.4230245660303902	0.8441941996871353
0.6849999999999409	-2.261719058647517	0.8386945008008391	-1.4230245578466778	0.8386945008008391
0.6899999999999403	-2.258037715966771	0.8350131306537183	-1.4230245853130525	0.8350131306537183
0.6949999999999398	-2.255773131100022	0.8327485149538332	-1.423024616146189	0.8327485149538332
0.6999999999999392	-2.2535909210145944	0.8305662617509542	-1.4230246592636404	0.8305662617509542
0.7049999999999387	-2.24993277497511	0.8269080771558243	-1.423024697819286	0.8269080771558243
0.7099999999999381	-2.2437357490481276	0.8207110618718692	-1.4230246871762586	0.8207110618718692
0.7149999999999376	-2.234775538816553	0.8117508665354868	-1.4230246722810662	0.8117508665354868
0.719999999999937	-2.2236304668764375	0.80060582830011	-1.4230246385763274	0.80060582830011
0.7249999999999365	-2.2113963704328667	0.7883717457460128	-1.4230246246868539	0.7883717457460128
0.7299999999999359	-2.1993243070227937	0.7762997258773666	-1.4230245811454274	0.7762997258773666
0.7349999999999354	-2.1884864092891094	0.765461851935578	-1.4230245573535314	0.765461851935578
0.7399999999999348	-2.179573046448203	0.7565484934633399	-1.4230245529848629	0.7565484934633399
0.7449999999999343	-2.172862734712838	0.7498381568481536	-1.4230245778646844	0.7498381568481536
0.7499999999999337	-2.16832825830382	0.7453036801724892	-1.4230245781313309	0.7453036801724892
0.7549999999999332	-2.1657710795302374	0.7427464908986933	-1.4230245886315442	0.7427464908986933
0.7599999999999326	-2.1649074583023378	0.7418828653049918	-1.4230245929973462	0.7418828653049918
0.7649999999999321	-2.1653524104038144	0.7423278113659703	-1.423024599037844	0.7423278113659703
0.7699999999999315	-2.1665702987272457	0.7435457118674824	-1.4230245868597633	0.7435457118674824
0.774999999999931	-2.1678747214985	0.7448501021755249	-1.423024619322975	0.7448501021755249
0.7799999999999304	-2.1685218306553633	0.7454971918943136	-1.42302463876105	0.7454971918943136
0.7849999999999299	-2.1679123519130177	0.7448877065611196	-1.4230246453518982	0.7448877065611196
0.7899999999999293	-2.165811789411127	0.7427871601715068	-1.42302462923962	0.7427871601715068
0.7949999999999288	-2.162567437646528	0.7395428175831182	-1.4230246200634098	0.7395428175831182
0.7999999999999282	-2.1592441298113845	0.7362195339414055	-1.4230245958699792	0.7362195339414055
0.8049999999999277	-2.1575345357059446	0.7345099793110639	-1.4230245563948807	0.7345099793110639
0.8099999999999271	-2.159244317541889	0.7362197899058777	-1.4230245276360112	0.7362197899058777
0.8149999999999266	-2.165415706120782	0.7423911327961131	-1.4230245733246687	0.7423911327961131
0.819999999999926	-2.1755739446635856	0.7525493270074338	-1.4230246176561518	0.7525493270074338
0.8249999999999255	-2.1877724782809054	0.7647478023678295	-1.4230246759130758	0.7647478023678295
0.8299999999999249	-2.1994711868851087	0.7764464526660457	-1.4230247342190632	0.7764464526660457
0.8349999999999244	-2.208578397012258	0.78555364704375	-1.423024749968508	0.78555364704375
0.8399999999999238	-2.2140306380154273	0.7910059009895489	-1.4230247370258786	0.7910059009895489
0.8449999999999233	-2.2158288378775235	0.7928041260933925	-1.423024711784131	0.7928041260933925
0.8499999999999227	-2.2147800438287044	0.7917553810410327	-1.4230246627876715	0.7917553810410327
0.8549999999999222	-2.2121769967268783	0.7891523677465234	-1.4230246289803552	0.7891523677465234
0.8599999999999216	-2.2094801271845848	0.786455516707569	-1.4230246104770157	0.786455516707569
0.864999999999921	-2.20799014157973	0.7849655458587894	-1.4230245957209404	0.7849655458587894
0.8699999999999205	-2.2085660115198724	0.7855414435460604	-1.4230245679738125	0.7855414435460604
0.87499999999992	-2.2115161221849835	0.7884915580030968	-1.4230245641818868	0.7884915580030968
0.8799999999999194	-2.216711225799501	0.7936866708330331	-1.423024554966468	0.7936866708330331
0.8849999999999189	-2.223858157579938	0.8008335714568117	-1.423024586123126	0.8008335714568117
0.8899999999999183	-2.2327421695596175	0.8097175835883798	-1.4230245859712378	0.8097175835883798
0.8949999999999178	-2.2432901177054987	0.8202655360941381	-1.4230245816113607	0.8202655360941381
0.8999999999999172	-2.2554283962529262	0.8324038028673086	-1.4230245933856176	0.8324038028673086
0.9049999999999166	-2.2688667894206147	0.8458421713704424	-1.4230246180501722	0.8458421713704424
0.9099999999999161	-2.2829712178355184	0.8599465692784706	-1.423024648557048	0.8599465692784706
0.9149999999999155	-2.2968193848470246	0.8737947176478112	-1.4230246671992135	0.8737947176478112
0.919999999999915	-2.309403600167792	0.8863789207172336	-1.4230246794505588	0.8863789207172336
0.9249999999999144	-2.3198619052231795	0.8968372122875912	-1.4230246929355885	0.8968372122875912
0.9299999999999139	-2.3275905261080694	0.9045658227029033	-1.423024703405166	0.9045658227029033
0.9349999999999133	-2.332225095131625	0.9092003951515527	-1.4230246999800726	0.9092003951515527
0.9399999999999128	-2.333576929933347	0.9105522156539587	-1.4230247142793886	0.9105522156539587
0.9449999999999122	-2.3316141731479134	0.9085894506695111	-1.4230247224784023	0.9085894506695111
0.9499999999999117	-2.326500070297336	0.9034753587018852	-1.4230247115954509	0.9034753587018852
0.9549999999999111	-2.318644507403181	0.8956198256315342	-1.4230246817716472	0.8956198256315342
0.9599999999999106	-2.308696427474555	0.8856717573207803	-1.423024670153775	0.8856717573207803
0.96499999999991	-2.2974548182759253	0.8744301566255672	-1.4230246616503581	0.8744301566255672
0.9699999999999095	-2.2857065572382784	0.8626819006388985	-1.42302465659938	0.8626819006388985
0.9749999999999089	-2.2740638308725436	0.8510392015537727	-1.4230246293187707	0.8510392015537727
0.9799999999999084	-2.2628436645542664	0.8398190245007449	-1.423024640053522	0.8398190245007449
0.9849999999999078	-2.252039510333018	0.8290148586401483	-1.4230246516928695	0.8290148586401483
0.9899999999999073	-2.2413702567429388	0.8183455743805734	-1.4230246823623653	0.8183455743805734
0.9949999999999067	-2.2303659794873196	0.8073412710786468	-1.423024708408673	0.8073412710786468
0.9999999999999062	-2.218466937027577	0.7954422089674944	-1.423024728060083	0.7954422089674944
1.0049999999999057	-2.205172488593604	0.7821477521246278	-1.4230247364689763	0.7821477521246278
1.0099999999999052	-2.1902861536102414	0.7672614034853764	-1.4230247501248647	0.7672614034853764
1.0149999999999046	-2.174318185484279	0.7512934299697821	-1.4230247555144968	0.7512934299697821
1.019999999999904	-2.158932231093571	0.735907557802242	-1.4230246732913292	0.735907557802242
1.0249999999999035	-2.1471066201065097	0.7240820431729651	-1.4230245769335446	0.7240820431729651
1.029999999999903	-2.1424617973099345	0.71943729150427	-1.4230245058056645	0.71943729150427
1.0349999999999024	-2.1477068610147643	0.7246823746064419	-1.4230244864083224	0.7246823746064419
1.039999999999902	-2.163119599836204	0.7400950622166275	-1.4230245376195765	0.7400950622166275
1.0449999999999013	-2.1863843468422433	0.7633597078753465	-1.4230246389668966	0.7633597078753465
1.0499999999999008	-2.213860341521654	0.7908356275640622	-1.4230247139575918	0.7908356275640622
1.0549999999999002	-2.242116126453105	0.8190913531357856	-1.4230247733173196	0.8190913531357856
1.0599999999998997	-2.2687421314856295	0.8457173429477034	-1.423024788537926	0.8457173429477034
1.0649999999998991	-2.292349314808339	0.8693245187861152	-1.4230247960222238	0.8693245187861152
1.0699999999998986	-2.3121824269606237	0.8891576187886163	-1.4230248081720078	0.8891576187886163
1.074999999999898	-2.3277281342756946	0.9047033192404228	-1.4230248150352716	0.9047033192404228
1.0799999999998975	-2.3385390162495603	0.9155141974107807	-1.4230248188387795	0.9155141974107807
1.084999999999897	-2.344292578142448	0.9212677603077678	-1.42302481783468	0.9212677603077678
1.0899999999998964	-2.3449490694392456	0.9219242444602164	-1.4230248249790294	0.9219242444602164
1.0949999999998958	-2.3408799496775514	0.9178551457954243	-1.4230248038821274	0.9178551457954243
1.0999999999998953	-2.332853709311858	0.9098289374575943	-1.4230247718542643	0.9098289374575943
1.1049999999998947	-2.3219244659706804	0.8988997091903815	-1.4230247567802987	0.8988997091903815
1.1099999999998942	-2.309306445572341	0.8862817074974116	-1.4230247380749297	0.8862817074974116
1.1149999999998936	-2.2962742533944844	0.8732495534694615	-1.423024699925023	0.8732495534694615
1.119999999999893	-2.284045748384719	0.8610210730815893	-1.4230246753031297	0.8610210730815893
1.1249999999998925	-2.273665552652496	0.8506408901460906	-1.4230246625064058	0.8506408901460906
1.129999999999892	-2.2658970842856685	0.8428724327725061	-1.4230246515131624	0.8428724327725061
1.1349999999998914	-2.261164258472968	0.8381396030534286	-1.423024655419539	0.8381396030534286
1.1399999999998909	-2.2594957862164073	0.8364711301753113	-1.4230246560410962	0.8364711301753113
1.1449999999998903	-2.260507839367237	0.8374831637157331	-1.4230246756515037	0.8374831637157331
1.1499999999998898	-2.2634317579523087	0.840407065442594	-1.4230246925097145	0.840407065442594
1.1549999999998892	-2.2672286332554195	0.8442038958924287	-1.4230247373629907	0.8442038958924287
1.1599999999998887	-2.2707442961840147	0.8477195208869935	-1.4230247752970215	0.8477195208869935
1.1649999999998881	-2.2728504747564373	0.8498256910134734	-1.423024783742964	0.8498256910134734
1.1699999999998876	-2.272536951148454	0.8495121434894665	-1.4230248076589873	0.8495121434894665
1.174999999999887	-2.268946729100394	0.8459218894233131	-1.423024839677081	0.8459218894233131
1.1799999999998865	-2.261431042829798	0.8384061792052239	-1.423024863624574	0.8384061792052239
1.184999999999886	-2.2497073143156343	0.8266824456670697	-1.4230248686485647	0.8266824456670697
1.1899999999998854	-2.2342012185764	0.8111763764503739	-1.4230248421260263	0.8111763764503739
1.1949999999998848	-2.2165255061801505	0.7935007248748339	-1.4230247813053165	0.7935007248748339
1.1999999999998843	-2.1998145051197433	0.776789820964289	-1.4230246841554544	0.776789820964289
1.2049999999998837	-2.1883163821979195	0.7652917995565939	-1.4230245826413255	0.7652917995565939
1.2099999999998832	-2.1858246224285267	0.7628000911225921	-1.4230245313059344	0.7628000911225921
1.2149999999998826	-2.193571183536923	0.7705465746407857	-1.4230246088961371	0.7705465746407857
1.219999999999882	-2.2093878910051252	0.7863631712311363	-1.4230247197739887	0.7863631712311363
1.2249999999998815	-2.2289627687979667	0.8059379836331999	-1.423024785164767	0.8059379836331999
1.229999999999881	-2.247945892639001	0.8249210429448448	-1.4230248496941562	0.8249210429448448
1.2349999999998804	-2.263302889708933	0.8402780416476279	-1.4230248480613055	0.8402780416476279
1.2399999999998799	-2.273566357596399	0.8505415162309619	-1.4230248413654367	0.8505415162309619
1.2449999999998793	-2.2784988802272372	0.8554740857999034	-1.4230247944273338	0.8554740857999034
1.2499999999998788	-2.278697950280672	0.8556731876676997	-1.4230247626129724	0.8556731876676997
1.2549999999998782	-2.2753073615948076	0.8522826337949065	-1.4230247277999013	0.8522826337949065
1.2599999999998777	-2.2698097446128833	0.8467850297991051	-1.4230247148137785	0.8467850297991051
1.2649999999998771	-2.263805211626757	0.8407805373087173	-1.4230246743180397	0.8407805373087173
1.2699999999998766	-2.2587327148670604	0.8357080611615867	-1.423024653705474	0.8357080611615867
1.274999999999876	-2.2555659551205203	0.8325413113454821	-1.4230246437750378	0.8325413113454821
1.2799999999998755	-2.2545810239797195	0.831556361205805	-1.4230246627739143	0.831556361205805
1.284999999999875	-2.25529045323858	0.8322657498565637	-1.423024703382016	0.8322657498565637
1.2899999999998744	-2.2566034142567597	0.8335786636709679	-1.4230247505857918	0.8335786636709679
1.2949999999998738	-2.2571220139709154	0.8340972408819802	-1.4230247730889352	0.8340972408819802
1.2999999999998733	-2.2554760706349612	0.8324512730427166	-1.4230247975922448	0.8324512730427166
1.3049999999998727	-2.250610387095015	0.8275855637477693	-1.4230248233472458	0.8275855637477693
1.3099999999998722	-2.242018863227599	0.8189940300182282	-1.423024833209371	0.8189940300182282
1.3149999999998716	-2.2298871088974095	0.8068622858206489	-1.4230248230767608	0.8068622858206489
1.319999999999871	-2.215154690879756	0.7921298958222093	-1.423024795057547	0.7921298958222093
1.3249999999998705	-2.199446153520637	0.7764214256702805	-1.4230247278503567	0.7764214256702805
1.32999999999987	-2.184832189118259	0.7618074950560697	-1.4230246940621891	0.7618074950560697
1.3349999999998694	-2.173392817939007	0.7503681438479174	-1.4230246740910895	0.7503681438479174
1.3399999999998689	-2.1666817849233353	0.7436571171676295	-1.423024667755706	0.7436571171676295
1.3449999999998683	-2.165307947644723	0.7422832700362332	-1.4230246776084896	0.7422832700362332
1.3499999999998678	-2.1688489064674146	0.7458242049520115	-1.423024701515403	0.7458242049520115
1.3549999999998672	-2.176132040548583	0.7531073197573416	-1.4230247207912419	0.7531073197573416
1.3599999999998666	-2.1857193123854772	0.7626945617224691	-1.423024750663008	0.7626945617224691
1.364999999999866	-2.196353475559202	0.7733286982001971	-1.423024777359005	0.7733286982001971
1.3699999999998655	-2.2071966857945386	0.7841719171402091	-1.4230247686543296	0.7841719171402091
1.374999999999865	-2.217789911257776	0.7947651400628868	-1.4230247711948893	0.7947651400628868
1.3799999999998644	-2.2278611408467133	0.8048363545634871	-1.4230247862832264	0.8048363545634871
1.384999999999864	-2.237136137368156	0.8141113796811476	-1.4230247576870085	0.8141113796811476
1.3899999999998633	-2.2452832519353474	0.8222585242737815	-1.4230247276615657	0.8222585242737815
1.3949999999998628	-2.2519845690125933	0.8289598502142661	-1.423024718798327	0.8289598502142661
1.3999999999998622	-2.257073351794902	0.8340486159403376	-1.4230247358545642	0.8340486159403376
1.4049999999998617	-2.260595421136829	0.8375707003477999	-1.4230247207890292	0.8375707003477999
1.4099999999998611	-2.2627897384805262	0.8397650238776293	-1.423024714602897	0.8397650238776293
1.4149999999998606	-2.2639764646852605	0.8409517565147042	-1.4230247081705563	0.8409517565147042
1.41999999999986	-2.2644194647109055	0.8413947518594184	-1.4230247128514872	0.8413947518594184
1.4249999999998595	-2.264156848794047	0.8411321268056858	-1.4230247219883612	0.8411321268056858
1.429999999999859	-2.2629390139003487	0.8399142820903491	-1.4230247318099998	0.8399142820903491
1.4349999999998584	-2.260291757469493	0.8372670127288796	-1.4230247447406135	0.8372670127288796
1.4399999999998578	-2.255723092425538	0.832698369997251	-1.423024722428287	0.832698369997251
1.4449999999998573	-2.248947808608996	0.8259230619093121	-1.4230247466996837	0.8259230619093121
1.4499999999998567	-2.240019984756859	0.8169952489317898	-1.4230247358250694	0.8169952489317898
1.4549999999998562	-2.229303002736456	0.8062782739259837	-1.423024728810472	0.8062782739259837
1.4599999999998556	-2.2174076700301413	0.7943829433756758	-1.4230247266544653	0.7943829433756758
1.464999999999855	-2.2051568203703384	0.7821321110418925	-1.4230247093284458	0.7821321110418925
1.4699999999998545	-2.1936545167880555	0.7706298377054597	-1.4230246790825958	0.7706298377054597
1.474999999999854	-2.184308534851125	0.7612838953599333	-1.4230246394911914	0.7612838953599333
1.4799999999998534	-2.1786475826292118	0.755622953390578	-1.423024629238634	0.755622953390578
1.4849999999998529	-2.1777955071221666	0.7547708870034746	-1.4230246201186918	0.7547708870034746
1.4899999999998523	-2.181843374074297	0.7588187049369804	-1.4230246691373165	0.7588187049369804
1.4949999999998518	-2.1896179644457674	0.766593244873835	-1.4230247195719323	0.766593244873835
1.4999999999998512	-2.1990796208053953	0.7760548747848839	-1.4230247460205114	0.7760548747848839
1.5049999999998507	-2.208113773041002	0.7850889966173146	-1.4230247764236872	0.7850889966173146
1.5099999999998501	-2.2152235153827005	0.7921987250471042	-1.4230247903355961	0.7921987250471042
1.5149999999998496	-2.2198543947609632	0.7968295974175511	-1.423024797343412	0.7968295974175511
1.519999999999849	-2.2223055713198745	0.7992807946115977	-1.4230247767082767	0.7992807946115977
1.5249999999998485	-2.223361179788886	0.8003364145972887	-1.4230247651915975	0.8003364145972887
1.529999999999848	-2.2238460774756743	0.8008213076649736	-1.4230247698107008	0.8008213076649736
1.5349999999998474	-2.224253260932394	0.8012284806034394	-1.4230247803289546	0.8012284806034394
1.5399999999998468	-2.2245477537823324	0.801522949188374	-1.4230248045939584	0.801522949188374
1.5449999999998463	-2.224190439454185	0.8011655773802641	-1.4230248620739212	0.8011655773802641
1.5499999999998457	-2.2224145463735545	0.7993896807707114	-1.423024865602843	0.7993896807707114
1.5549999999998452	-2.2186684334565157	0.7956435585298977	-1.423024874926618	0.7956435585298977
1.5599999999998446	-2.213039132145784	0.7900142834776712	-1.4230248486681125	0.7900142834776712
1.564999999999844	-2.2063466784812857	0.7833218726173646	-1.423024805863921	0.7833218726173646
1.5699999999998435	-2.1998353453532946	0.7768105615563669	-1.4230247837969279	0.7768105615563669
1.574999999999843	-2.1946319319729266	0.7716071544116676	-1.423024777561259	0.7716071544116676
1.5799999999998424	-2.1913176063851285	0.7682928141884295	-1.423024792196699	0.7682928141884295
1.5849999999998419	-2.18984203098861	0.7668172241310117	-1.4230248068575984	0.7668172241310117
1.5899999999998413	-2.189745732621511	0.7667209130794943	-1.4230248195420165	0.7667209130794943
1.5949999999998408	-2.1905184003199256	0.767493591822949	-1.4230248084969765	0.767493591822949
1.5999999999998402	-2.1918750174231167	0.7688501851568607	-1.4230248322662562	0.7688501851568607
1.6049999999998397	-2.1939030867131137	0.770878270677445	-1.4230248160356689	0.770878270677445
1.6099999999998391	-2.1970561589771207	0.774031365618186	-1.4230247933589346	0.774031365618186
1.6149999999998386	-2.201985544350795	0.7789607607305711	-1.4230247836202239	0.7789607607305711
1.619999999999838	-2.2092241564977457	0.786199399313527	-1.4230247571842187	0.786199399313527
1.6249999999998375	-2.218791726500329	0.7957669520972439	-1.423024774403085	0.7957669520972439
1.629999999999837	-2.229937570555784	0.806912761377085	-1.423024809178699	0.806912761377085
1.6349999999998364	-2.2412166271410836	0.8181917591243857	-1.423024868016698	0.8181917591243857
1.6399999999998358	-2.250927787390305	0.8279028750097456	-1.4230249123805594	0.8279028750097456
1.6449999999998353	-2.2576689073243217	0.8346439775621213	-1.4230249297622004	0.8346439775621213
1.6499999999998347	-2.2607307828708163	0.8377058606470881	-1.423024922223728	0.8377058606470881
1.6549999999998342	-2.260242110271492	0.8372171896251445	-1.4230249206463474	0.8372171896251445
1.6599999999998336	-2.2571487245612705	0.8341238408765154	-1.4230248836847554	0.8341238408765154
1.664999999999833	-2.2531098604134643	0.8300850421842736	-1.4230248182291905	0.8300850421842736
1.6699999999998325	-2.2503051521654545	0.8272803801918345	-1.42302477197362	0.8272803801918345
1.674999999999832	-2.250969894727908	0.8279451710060751	-1.4230247237218334	0.8279451710060751
1.6799999999998314	-2.2566560071536386	0.8336312880774672	-1.4230247190761713	0.8336312880774672
1.6849999999998309	-2.2675223013964323	0.8444975642128669	-1.4230247371835651	0.8444975642128669
1.6899999999998303	-2.2821447524710874	0.8591199447027984	-1.423024807768289	0.8591199447027984
1.6949999999998298	-2.298067519176283	0.8750426479011361	-1.4230248712751468	0.8750426479011361
1.6999999999998292	-2.3127025015577876	0.8896775933589095	-1.423024908198878	0.8896775933589095
1.7049999999998287	-2.3240407170108592	0.9010157840217956	-1.4230249329890636	0.9010157840217956
1.709999999999828	-2.3309418722037525	0.9079169414995129	-1.4230249307042397	0.9079169414995129
1.7149999999998276	-2.333177498679154	0.910152615636772	-1.4230248830423817	0.910152615636772
1.719999999999827	-2.3313863169023112	0.9083614727832905	-1.4230248441190207	0.9083614727832905
1.7249999999998264	-2.3269762823746887	0.9039514534909351	-1.4230248288837533	0.9039514534909351
1.729999999999826	-2.321911748547234	0.898887001971959	-1.4230247465752752	0.898887001971959
1.7349999999998253	-2.3183115651135844	0.8952868561246761	-1.423024708988908	0.8952868561246761
1.7399999999998248	-2.317893033341825	0.8948683225148995	-1.4230247108269256	0.8948683225148995
1.7449999999998242	-2.32142688159299	0.8984021749556519	-1.4230247066373383	0.8984021749556519
1.7499999999998237	-2.3284671754456623	0.9054424493422996	-1.4230247261033628	0.9054424493422996
1.7549999999998231	-2.337518103315897	0.9144933207637996	-1.4230247825520974	0.9144933207637996
1.7599999999998226	-2.3466007028331264	0.9235758726505559	-1.4230248301825703	0.9235758726505559
1.764999999999822	-2.3539294703308173	0.9309046254685507	-1.4230248448622669	0.9309046254685507
1.7699999999998215	-2.3584057596665926	0.9353809046635287	-1.4230248550030637	0.9353809046635287
1.774999999999821	-2.3597011339774814	0.9366762913206926	-1.4230248426567889	0.9366762913206926
1.7799999999998204	-2.357994590711937	0.934969742962478	-1.4230248477494587	0.934969742962478
1.7849999999998198	-2.353594299119598	0.9305694657148834	-1.4230248334047146	0.9305694657148834
1.7899999999998193	-2.346668730520072	0.9236438725023253	-1.4230248580177471	0.9236438725023253
1.7949999999998187	-2.3372808306309114	0.9142560015722606	-1.4230248290586507	0.9142560015722606
1.7999999999998182	-2.3256752288239495	0.9026504148592349	-1.4230248139647146	0.9026504148592349
1.8049999999998176	-2.312645328185894	0.889620591782378	-1.423024736403516	0.889620591782378
1.809999999999817	-2.299677028875719	0.8766523486625705	-1.4230246802131483	0.8766523486625705
1.8149999999998165	-2.2887567010613483	0.8657320650283233	-1.423024636033025	0.8657320650283233
1.819999999999816	-2.2817736128683204	0.8587490282008523	-1.4230245846674683	0.8587490282008523
1.8249999999998154	-2.2797564909320522	0.8567318964332451	-1.423024594498807	0.8567318964332451
1.8299999999998149	-2.2823547320927333	0.8593301125164494	-1.423024619576284	0.8593301125164494
1.8349999999998143	-2.287906799740104	0.8648821155067766	-1.423024684233327	0.8648821155067766
1.8399999999998138	-2.294086003725248	0.8710612858996701	-1.423024717825578	0.8710612858996701
1.8449999999998132	-2.298716174453277	0.8756914181609364	-1.4230247562923404	0.8756914181609364
1.8499999999998127	-2.3002674297050008	0.877242660117729	-1.4230247695872718	0.877242660117729
1.8549999999998121	-2.2979215269632784	0.8748967644770056	-1.4230247624862726	0.8748967644770056
1.8599999999998116	-2.291435640454604	0.8684108839606088	-1.423024756493995	0.8684108839606088
1.864999999999811	-2.2810075586408987	0.8579827964394678	-1.423024762201431	0.8579827964394678
1.8699999999998105	-2.2672425921425634	0.8442178575431548	-1.4230247345994087	0.8442178575431548
1.87499999999981	-2.251137161414101	0.8281124636428093	-1.4230246977712921	0.8281124636428093
1.8799999999998094	-2.2339617471203543	0.8109370738893105	-1.4230246732310439	0.8109370738893105
1.8849999999998088	-2.217029177748212	0.7940045373961886	-1.4230246403520233	0.7940045373961886
1.8899999999998083	-2.201461228333536	0.7784366053259482	-1.423024623007588	0.7784366053259482
1.8949999999998077	-2.1881374748408797	0.765112849591075	-1.4230246252498047	0.765112849591075
1.8999999999998072	-2.1778199215539784	0.7547953062751089	-1.4230246152788693	0.7547953062751089
1.9049999999998066	-2.17131110739427	0.7482865249696116	-1.4230245824246586	0.7482865249696116
1.909999999999806	-2.1694671486018917	0.7464425783087194	-1.4230245702931725	0.7464425783087194
1.9149999999998055	-2.172980961431087	0.749956378460767	-1.4230245829703199	0.749956378460767
1.919999999999805	-2.1820726940341695	0.7590480945059297	-1.42302459952824	0.7590480945059297
1.9249999999998044	-2.1962964949878425	0.7732718554007789	-1.4230246395870634	0.7732718554007789
1.9299999999998039	-2.2145401395954925	0.7915154672267959	-1.4230246723686968	0.7915154672267959
1.9349999999998033	-2.235176027839031	0.8121513092228589	-1.4230247186161722	0.8121513092228589
1.9399999999998028	-2.256297338726048	0.8332725860601681	-1.4230247526658801	0.8332725860601681
1.9449999999998022	-2.276010462445006	0.8529856802255525	-1.4230247822194533	0.8529856802255525
1.9499999999998017	-2.29274544807264	0.8697206561791262	-1.4230247918935137	0.8697206561791262
1.9549999999998011	-2.3054553159017073	0.8824305229106535	-1.4230247929910536	0.8824305229106535
1.9599999999998006	-2.3136507770520125	0.890626001818567	-1.4230247752334457	0.890626001818567
1.9649999999998	-2.3173402240167174	0.8943154477892462	-1.4230247762274713	0.8943154477892462
1.9699999999997995	-2.316955024917234	0.893930246726998	-1.423024778190236	0.893930246726998
1.974999999999799	-2.313229580441842	0.8902048362004404	-1.4230247442414015	0.8902048362004404
1.9799999999997984	-2.3070254231176928	0.8840006734345662	-1.4230247496831265	0.8840006734345662
1.9849999999997978	-2.2991069792034247	0.8760822226214665	-1.4230247565819583	0.8760822226214665
1.9899999999997973	-2.290010978445923	0.8669862157742615	-1.423024762671662	0.8669862157742615
1.9949999999997967	-2.280077497383056	0.8570527257300212	-1.423024771653035	0.8570527257300212
1.9999999999997962	-2.2696387048012854	0.8466139711029936	-1.4230247336982915	0.8466139711029936
2.0049999999998067	-2.2592331956020324	0.83620848793348	-1.4230247076685527	0.83620848793348
2.0099999999998173	-2.2496932695614937	0.8266685523347616	-1.423024717226732	0.8266685523347616
2.014999999999828	-2.242092906116855	0.8190682165422847	-1.4230246895745706	0.8190682165422847
2.0199999999998384	-2.237553056455363	0.8145283945259366	-1.423024661929427	0.8145283945259366
2.024999999999849	-2.2369594037676004	0.8139347418640419	-1.4230246619035585	0.8139347418640419
2.0299999999998595	-2.240666060291409	0.8176413856387491	-1.4230246746526598	0.8176413856387491
2.03499999999987	-2.2482943164834377	0.8252696056634307	-1.423024710820007	0.8252696056634307
2.0399999999998806	-2.25875416927403	0.8357294290726428	-1.4230247402013874	0.8357294290726428
2.044999999999891	-2.270494157321608	0.8474693948269116	-1.4230247624946963	0.8474693948269116
2.0499999999999017	-2.2818980435503926	0.8588732759630665	-1.423024767587326	0.8588732759630665
2.0549999999999122	-2.291664148519151	0.868639307712433	-1.423024840806718	0.868639307712433
2.059999999999923	-2.2990299423139553	0.8760051078759402	-1.4230248344380152	0.8760051078759402
2.0649999999999333	-2.3038499189573893	0.8808251192922563	-1.4230247996651328	0.8808251192922563
2.069999999999944	-2.3065318824947463	0.8835071258771859	-1.4230247566175604	0.8835071258771859
2.0749999999999544	-2.3078282107489456	0.8848034914925669	-1.4230247192563785	0.8848034914925669
2.079999999999965	-2.3085061683256045	0.8854814486849079	-1.4230247196406964	0.8854814486849079
2.0849999999999755	-2.308971002564269	0.8859462551470684	-1.4230247474172006	0.8859462551470684
2.089999999999986	-2.309001303712706	0.8859765228118184	-1.4230247809008876	0.8859765228118184
2.0949999999999966	-2.3077719481160073	0.8847471352215771	-1.4230248128944298	0.8847471352215771
2.100000000000007	-2.3042086939730857	0.8811838257728846	-1.4230248682002011	0.8811838257728846
2.1050000000000177	-2.2974907476534905	0.874465860879862	-1.4230248867736282	0.874465860879862
2.1100000000000283	-2.2874609093787135	0.864436043741849	-1.4230248656368645	0.864436043741849
2.115000000000039	-2.274764154997774	0.8517393045155274	-1.4230248504822465	0.8517393045155274
2.1200000000000494	-2.260687514262097	0.8376627017837645	-1.4230248124783327	0.8376627017837645
2.12500000000006	-2.246805398293177	0.8237806159324212	-1.4230247823607556	0.8237806159324212
2.1300000000000705	-2.2346054861275384	0.8115807446689177	-1.4230247414586206	0.8115807446689177
2.135000000000081	-2.2251941533753925	0.8021694308296128	-1.4230247225457797	0.8021694308296128
2.1400000000000916	-2.219194589759504	0.7961698809689534	-1.4230247087905503	0.7961698809689534
2.145000000000102	-2.216796833661992	0.7937721138248363	-1.4230247198371557	0.7937721138248363
2.1500000000001127	-2.2179272142624877	0.7949024909277691	-1.4230247233347186	0.7949024909277691
2.1550000000001233	-2.222443489343709	0.7994187554395822	-1.4230247339041264	0.7994187554395822
2.160000000000134	-2.23022655857841	0.8072018140351872	-1.4230247445432227	0.8072018140351872
2.1650000000001444	-2.2410869456765146	0.8180622052550346	-1.42302474042148	0.8180622052550346
2.170000000000155	-2.254553818351914	0.8315290542236342	-1.4230247641282796	0.8315290542236342
2.1750000000001655	-2.2696894887174013	0.8466646843328642	-1.423024804384537	0.8466646843328642
2.180000000000176	-2.2851071017106905	0.8620822593675227	-1.4230248423431682	0.8620822593675227
2.1850000000001866	-2.299194787154531	0.8761699091828735	-1.4230248779716572	0.8761699091828735
2.190000000000197	-2.3104348969669117	0.8874099872508842	-1.4230249097160275	0.8874099872508842
2.1950000000002077	-2.317683289549964	0.8946583552022073	-1.4230249343477568	0.8946583552022073
2.2000000000002182	-2.320364005955108	0.8973390748180514	-1.4230249311370564	0.8973390748180514
2.2050000000002288	-2.318534520169325	0.8955096169299002	-1.4230249032394249	0.8955096169299002
2.2100000000002393	-2.3128799295836866	0.8898550454960487	-1.4230248840876378	0.8898550454960487
2.21500000000025	-2.304581967985554	0.8815571217236944	-1.4230248462618595	0.8815571217236944
2.2200000000002604	-2.2950756783906936	0.8720508669399	-1.4230248114507935	0.8720508669399
2.225000000000271	-2.2857526937883903	0.8627279199088561	-1.4230247738795345	0.8627279199088561
2.2300000000002815	-2.2776853142646107	0.8546605739783789	-1.4230247402862322	0.8546605739783789
2.235000000000292	-2.27141428330064	0.8483895461731499	-1.42302473712749	0.8483895461731499
2.2400000000003026	-2.2669034269174606	0.8438786697739215	-1.423024757143539	0.8438786697739215
2.245000000000313	-2.2636422756094703	0.8406174956513975	-1.4230247799580729	0.8406174956513975
2.2500000000003237	-2.26085447482349	0.8378296736383932	-1.4230248011850966	0.8378296736383932
2.2550000000003343	-2.257739673011951	0.834714866241488	-1.4230248067704627	0.834714866241488
2.260000000000345	-2.253696176350285	0.8306713630995763	-1.423024813250709	0.8306713630995763
2.2650000000003554	-2.2484996972876674	0.8254748660975763	-1.4230248311900908	0.8254748660975763
2.270000000000366	-2.24239318073695	0.8193683435747076	-1.4230248371622425	0.8193683435747076
2.2750000000003765	-2.236035683790447	0.8130108570149497	-1.4230248267754972	0.8130108570149497
2.280000000000387	-2.23029558305059	0.8072707655586107	-1.4230248174919793	0.8072707655586107
2.2850000000003976	-2.2259621488203334	0.8029373325093201	-1.4230248163110133	0.8029373325093201
2.290000000000408	-2.223538719821265	0.8005138932417311	-1.4230248265795336	0.8005138932417311
2.2950000000004187	-2.223277842564504	0.8002530171481083	-1.4230248254163955	0.8002530171481083
2.3000000000004293	-2.2254273308133388	0.8024025177929787	-1.42302481302036	0.8024025177929787
2.30500000000044	-2.230292820973268	0.8072680347872292	-1.4230247861860392	0.8072680347872292
2.3100000000004504	-2.237829727517857	0.8148049356787752	-1.4230247918390821	0.8148049356787752
2.315000000000461	-2.2470846567414475	0.8240598057214163	-1.4230248510200312	0.8240598057214163
2.3200000000004715	-2.2561057898438666	0.8330808827277507	-1.423024907116116	0.8330808827277507
2.325000000000482	-2.2625708878649347	0.8395459489002661	-1.4230249389646685	0.8395459489002661
2.3300000000004926	-2.2646393987037605	0.8416144454189383	-1.4230249532848223	0.8416144454189383
2.335000000000503	-2.261519606316158	0.8384946583827193	-1.4230249479334387	0.8384946583827193
2.3400000000005137	-2.2535940696629337	0.8305691508473189	-1.4230249188156148	0.8305691508473189
2.345000000000524	-2.2422009619869034	0.8191760979622338	-1.4230248640246697	0.8191760979622338
2.3500000000005348	-2.229229973154884	0.8062051439651126	-1.4230248291897716	0.8062051439651126
2.3550000000005453	-2.2166659398311954	0.7936411589856023	-1.4230247808455931	0.7936411589856023
2.360000000000556	-2.206248337046336	0.783223594333422	-1.4230247427129143	0.783223594333422
2.3650000000005664	-2.1993476667895724	0.7763229387988579	-1.4230247279907147	0.7763229387988579
2.370000000000577	-2.196962498973729	0.7739377847989968	-1.423024714174732	0.7739377847989968
2.3750000000005875	-2.199688754026297	0.7766640285104457	-1.4230247255158515	0.7766640285104457
2.380000000000598	-2.2075405017641354	0.7845157405514285	-1.4230247612127067	0.7845157405514285
2.3850000000006086	-2.2197078553411305	0.7966830717957873	-1.4230247835453431	0.7966830717957873
2.390000000000619	-2.2344795473085033	0.8114546863840458	-1.4230248609244576	0.8114546863840458
2.3950000000006297	-2.249486480377394	0.8264615599057429	-1.4230249204716512	0.8264615599057429
2.4000000000006403	-2.2622171445912347	0.839192171539841	-1.4230249730513935	0.839192171539841
2.405000000000651	-2.2705658004293703	0.8475407805696575	-1.4230250198597127	0.8475407805696575
2.4100000000006614	-2.2732141674412434	0.8501891411196698	-1.4230250263215733	0.8501891411196698
2.415000000000672	-2.2697192563400614	0.8466942910794547	-1.4230249652606068	0.8466942910794547
2.4200000000006825	-2.260419171560153	0.8373942318254296	-1.4230249397347234	0.8373942318254296
2.425000000000693	-2.2463163845066076	0.8232915019854313	-1.423024882521176	0.8232915019854313
2.4300000000007036	-2.229017552447616	0.8059927120846097	-1.423024840363006	0.8059927120846097
2.435000000000714	-2.210676982880445	0.787652197952894	-1.4230247849275508	0.787652197952894
2.4400000000007247	-2.193830866905035	0.7708061527645667	-1.4230247141404686	0.7708061527645667
2.4450000000007353	-2.181050426973205	0.7580257566836505	-1.4230246702895548	0.7580257566836505
2.450000000000746	-2.174563903242514	0.7515392585959504	-1.4230246446465638	0.7515392585959504
2.4550000000007564	-2.17592158823366	0.7528969388591686	-1.4230246493744914	0.7528969388591686
2.460000000000767	-2.185698783287693	0.7626741069518376	-1.4230246763358554	0.7626741069518376
2.4650000000007775	-2.203192095155506	0.7801673728102604	-1.4230247223452455	0.7801673728102604
2.470000000000788	-2.226332621950397	0.8033078439160067	-1.4230247780343905	0.8033078439160067
2.4750000000007986	-2.252152473929952	0.8291276204571192	-1.4230248534728327	0.8291276204571192
2.480000000000809	-2.277684745614493	0.8546598508108174	-1.4230248948036757	0.8546598508108174
2.4850000000008197	-2.3007587650346943	0.8777338634656127	-1.4230249015690817	0.8777338634656127
2.49000000000083	-2.320235592924438	0.8972107054216997	-1.423024887502738	0.8972107054216997
2.4950000000008408	-2.3357325841427037	0.9127077126607505	-1.4230248714819533	0.9127077126607505
2.5000000000008513	-2.347226935844339	0.9242020767904963	-1.4230248590538428	0.9242020767904963
2.505000000000862	-2.3548080125155106	0.9317831398166371	-1.4230248726988737	0.9317831398166371
2.5100000000008724	-2.3586684673121936	0.9356436075251341	-1.4230248597870594	0.9356436075251341
2.515000000000883	-2.3592690309490107	0.9362441894222154	-1.4230248415267954	0.9362441894222154
2.5200000000008935	-2.357501080706242	0.9344762671326222	-1.42302481357362	0.9344762671326222
2.525000000000904	-2.3546892165290916	0.9316644419170329	-1.4230247746120586	0.9316644419170329
2.5300000000009146	-2.352347419458375	0.9293226857441381	-1.4230247337142372	0.9293226857441381
2.535000000000925	-2.351740972948008	0.9287162237868515	-1.4230247491611565	0.9287162237868515
2.5400000000009357	-2.3534413875580302	0.9304166332178135	-1.4230247543402168	0.9304166332178135
2.5450000000009463	-2.3570850552910674	0.9340602732904473	-1.42302478200062	0.9340602732904473
2.550000000000957	-2.36146048944911	0.9384356385672694	-1.4230248508818406	0.9384356385672694
2.5550000000009674	-2.3648406471174996	0.9418157375859448	-1.4230249095315548	0.9418157375859448
2.560000000000978	-2.365438552941799	0.942413606477588	-1.4230249464642113	0.942413606477588
2.5650000000009885	-2.3618050350571194	0.9387800733088975	-1.4230249617482218	0.9387800733088975
2.570000000000999	-2.353147199758383	0.9301222268380421	-1.423024972920341	0.9301222268380421
2.5750000000010096	-2.339547168100494	0.9165222341405743	-1.4230249339599197	0.9165222341405743
2.58000000000102	-2.3220837372030094	0.8990588614891177	-1.4230248757138915	0.8990588614891177
2.5850000000010307	-2.3027665921694567	0.8797417816503613	-1.4230248105190955	0.8797417816503613
2.5900000000010412	-2.2842165935767382	0.8611918416480165	-1.4230247519287218	0.8611918416480165
2.595000000001052	-2.269078517987865	0.8460538215741713	-1.4230246964136937	0.8460538215741713
2.6000000000010624	-2.2592977449641367	0.8362730539418222	-1.4230246910223143	0.8362730539418222
2.605000000001073	-2.2555677765693583	0.83254307207026	-1.4230247044990982	0.83254307207026
2.6100000000010835	-2.2573015741700018	0.8342768443840963	-1.423024729785905	0.8342768443840963
2.615000000001094	-2.2631775205504123	0.840152755742347	-1.423024764808065	0.840152755742347
2.6200000000011046	-2.271899036119515	0.8488742830369334	-1.4230247530825813	0.8488742830369334
2.625000000001115	-2.2826726217004047	0.8596478656727784	-1.4230247560276263	0.8596478656727784
2.6300000000011257	-2.295166967913387	0.8721422175277997	-1.4230247503855873	0.8721422175277997
2.635000000001136	-2.3091188194158065	0.8860940632838282	-1.4230247561319782	0.8860940632838282
2.6400000000011468	-2.3239822264076238	0.9009574643112903	-1.4230247620963332	0.9009574643112903
2.6450000000011573	-2.338865489361513	0.915840704721393	-1.4230247846401198	0.915840704721393
2.650000000001168	-2.352683163860257	0.9296583584014391	-1.423024805458818	0.9296583584014391
2.6550000000011784	-2.364347600468378	0.9413227844481916	-1.4230248160201864	0.9413227844481916
2.660000000001189	-2.372904790884746	0.9498799613804261	-1.4230248295043197	0.9498799613804261
2.6650000000011995	-2.3775855164598028	0.9545606669047992	-1.4230248495550035	0.9545606669047992
2.67000000000121	-2.3778658116592926	0.9548409413779776	-1.423024870281315	0.9548409413779776
2.6750000000012206	-2.3735444474428444	0.9505195707533027	-1.4230248766895415	0.9505195707533027
2.680000000001231	-2.3648660048915446	0.9418411245333546	-1.4230248803581902	0.9418411245333546
2.6850000000012417	-2.3526348710082403	0.9296100194167825	-1.4230248515914576	0.9296100194167825
2.6900000000012523	-2.3382107073149383	0.9151858948440373	-1.423024812470901	0.9151858948440373
2.695000000001263	-2.323292173891158	0.9002673999853187	-1.423024773905839	0.9002673999853187
2.7000000000012734	-2.309483695138862	0.886458944753094	-1.4230247503857685	0.886458944753094
2.705000000001284	-2.297916777199387	0.8748920491296963	-1.4230247280696906	0.8748920491296963
2.7100000000012945	-2.289089716923445	0.8660649732898995	-1.4230247436335457	0.8660649732898995
2.715000000001305	-2.282965965693827	0.859941231780792	-1.4230247339130353	0.859941231780792
2.7200000000013156	-2.2791395644697343	0.8561148126572539	-1.4230247518124803	0.8561148126572539
2.725000000001326	-2.276937274511826	0.8539125042927023	-1.4230247702191239	0.8539125042927023
2.7300000000013367	-2.2754657792994393	0.8524409745448993	-1.42302480475454	0.8524409745448993
2.7350000000013472	-2.273649242141817	0.850624401609797	-1.4230248405320203	0.850624401609797
2.740000000001358	-2.270337770221999	0.8473128659185017	-1.4230249043034973	0.8473128659185017
2.7450000000013683	-2.264579242361885	0.8415543302689751	-1.4230249120929102	0.8415543302689751
2.750000000001379	-2.2560702278515232	0.8330453263607049	-1.4230249014908183	0.8330453263607049
2.7550000000013894	-2.2457060676642793	0.8226812283691529	-1.4230248392951266	0.8226812283691529
2.7600000000014	-2.2357900170075897	0.8127652704522822	-1.4230247465553076	0.8127652704522822
2.7650000000014106	-2.2293705079922876	0.8063458295960012	-1.4230246783962865	0.8063458295960012
2.770000000001421	-2.228669457482267	0.8056447745959048	-1.4230246828863622	0.8056447745959048
2.7750000000014317	-2.2335788298316843	0.810554066827212	-1.4230247630044728	0.810554066827212
2.780000000001442	-2.241666764542755	0.8186419048502834	-1.4230248596924713	0.8186419048502834
2.7850000000014528	-2.249709348589011	0.8266844131339323	-1.423024935455079	0.8266844131339323
2.7900000000014633	-2.2553138643250863	0.8322888954822397	-1.4230249688428467	0.8322888954822397
2.795000000001474	-2.2575444328313434	0.8345194670738006	-1.4230249657575427	0.8345194670738006
2.8000000000014844	-2.2566253768303226	0.8336004204382422	-1.4230249563920803	0.8336004204382422
2.805000000001495	-2.2533189123659665	0.8302939800928856	-1.423024932273081	0.8302939800928856
2.8100000000015055	-2.248450205215003	0.8254252793068017	-1.4230249259082013	0.8254252793068017
2.815000000001516	-2.2427731235211676	0.8197482139666906	-1.423024909554477	0.8197482139666906
2.8200000000015266	-2.2370655829209714	0.8140406911898894	-1.423024891731082	0.8140406911898894
2.825000000001537	-2.2322557128417184	0.8092308594382063	-1.4230248534035121	0.8092308594382063
2.8300000000015477	-2.229429976746796	0.8064051301515842	-1.4230248465952116	0.8064051301515842
2.8350000000015583	-2.2296391241805433	0.8066142972485649	-1.4230248269319787	0.8066142972485649
2.840000000001569	-2.233597074702163	0.8105722547893648	-1.4230248199127988	0.8105722547893648
2.8450000000015794	-2.2414040273749727	0.818379145709068	-1.4230248816659046	0.818379145709068
2.85000000000159	-2.2524121284538925	0.8293871890988848	-1.4230249393550076	0.8293871890988848
2.8550000000016005	-2.2653169613243027	0.8422919755548588	-1.423024985769444	0.8422919755548588
2.860000000001611	-2.2783966148179617	0.855371592377073	-1.4230250224408885	0.855371592377073
2.8650000000016216	-2.2898093546579816	0.8667842914141651	-1.4230250632438162	0.8667842914141651
2.870000000001632	-2.297873496588511	0.8748483771375132	-1.4230251194509977	0.8748483771375132
2.8750000000016427	-2.301278865962849	0.8782537184905459	-1.423025147472303	0.8782537184905459
2.8800000000016532	-2.29923197875028	0.8762068021517757	-1.4230251765985045	0.8762068021517757
2.885000000001664	-2.2915177398547004	0.8684925579143831	-1.4230251819403172	0.8684925579143831
2.8900000000016743	-2.2785201922913014	0.8554950295973801	-1.4230251626939212	0.8554950295973801
2.895000000001685	-2.261210428179753	0.838185293206316	-1.423025134973437	0.838185293206316
2.9000000000016954	-2.241087779804446	0.8180627040437234	-1.4230250757607228	0.8180627040437234
2.905000000001706	-2.220081122819869	0.7970561023868276	-1.4230250204330417	0.7970561023868276
2.9100000000017165	-2.200358838264359	0.7773338883675153	-1.4230249498968437	0.7773338883675153
2.915000000001727	-2.184014709279362	0.760989799041258	-1.4230249102381038	0.760989799041258
2.9200000000017377	-2.1726808392197396	0.7496559487064587	-1.4230248905132807	0.7496559487064587
2.925000000001748	-2.1671444564267377	0.7441195719671476	-1.42302488445959	0.7441195719671476
2.9300000000017588	-2.1671108232940517	0.7440858980684011	-1.4230249252256504	0.7440858980684011
2.9350000000017693	-2.1712135095238	0.7481885257457358	-1.423024983778064	0.7481885257457358
2.94000000000178	-2.1773094971668163	0.7542844420402229	-1.4230250551265933	0.7542844420402229
2.9450000000017904	-2.1830114927097686	0.7599864052289901	-1.4230250874807786	0.7599864052289901
2.950000000001801	-2.1863026033587722	0.763277492953481	-1.4230251104052911	0.763277492953481
2.9550000000018115	-2.1860695046394083	0.7630443915206615	-1.423025113118747	0.7630443915206615
2.960000000001822	-2.182373152942033	0.7593480477079698	-1.4230251052340634	0.7593480477079698
2.9650000000018326	-2.1763551441591242	0.7533300946869349	-1.4230250494721892	0.7533300946869349
2.970000000001843	-2.169820359922686	0.7467953604991479	-1.423024999423538	0.7467953604991479
2.9750000000018537	-2.164705640008271	0.7416806627164614	-1.4230249772918098	0.7416806627164614
2.9800000000018643	-2.162656599988129	0.7396316608033736	-1.4230249391847554	0.7396316608033736
2.985000000001875	-2.1648392797097027	0.7418143470638201	-1.423024932645883	0.7418143470638201
2.9900000000018854	-2.1719151604116673	0.7488902303063638	-1.4230249301053033	0.7488902303063638
2.995000000001896	-2.1840352588943706	0.7610103105361001	-1.4230249483582702	0.7610103105361001
3.0000000000019065	-2.2008199048526254	0.7777949439948894	-1.423024960857736	0.7777949439948894
3.005000000001917	-2.221365077622291	0.7983400880107681	-1.4230249896115228	0.7983400880107681
3.0100000000019276	-2.2443267928045247	0.821301767831276	-1.423025024973249	0.821301767831276
3.015000000001938	-2.2680969781328484	0.8450719298156559	-1.4230250483171927	0.8450719298156559
3.0200000000019487	-2.2910351877315636	0.8680101099910539	-1.4230250777405096	0.8680101099910539
3.0250000000019592	-2.3117199648315254	0.88869483667407	-1.4230251281574555	0.88869483667407
3.03000000000197	-2.32913637652578	0.9061112242226766	-1.4230251523031034	0.9061112242226766
3.0350000000019803	-2.3427437934745248	0.9197186510051604	-1.4230251424693643	0.9197186510051604
3.040000000001991	-2.352427099323968	0.9294019924963905	-1.4230251068275777	0.9294019924963905
3.0450000000020014	-2.3583238487421436	0.9352987506870635	-1.42302509805508	0.9352987506870635
3.050000000002012	-2.3606263844817006	0.9376013230682722	-1.4230250614134283	0.9376013230682722
3.0550000000020225	-2.3594136223932476	0.9363885640809229	-1.4230250583123252	0.9363885640809229
3.060000000002033	-2.3546188918137805	0.93159381069468	-1.4230250811191008	0.93159381069468
3.0650000000020436	-2.3461405268706366	0.9231154470559931	-1.4230250798146435	0.9231154470559931
3.070000000002054	-2.334054115357048	0.9110290677222649	-1.4230250476347828	0.9110290677222649
3.0750000000020647	-2.3188713192014117	0.8958462963508894	-1.423025022850522	0.8958462963508894
3.0800000000020753	-2.3016502880962038	0.8786253409632526	-1.4230249471329512	0.8786253409632526
3.085000000002086	-2.2838721723447986	0.8608472675189505	-1.423024904825848	0.8608472675189505
3.0900000000020964	-2.2670671462191327	0.8440422637876169	-1.4230248824315157	0.8440422637876169
3.095000000002107	-2.2523634823143706	0.8293386001936291	-1.4230248821207414	0.8293386001936291
3.1000000000021175	-2.240210491935285	0.8171856079429977	-1.4230248839922877	0.8171856079429977
3.105000000002128	-2.2303871745078596	0.8073622906568595	-1.4230248838510005	0.8073622906568595
3.1100000000021386	-2.2222295116096817	0.7992046078367605	-1.4230249037729215	0.7992046078367605
3.115000000002149	-2.2149455623398	0.7919206329695725	-1.4230249293702275	0.7919206329695725
3.1200000000021597	-2.207867150709632	0.7848421929010801	-1.4230249578085516	0.7848421929010801
3.1250000000021703	-2.200619529810839	0.7775945676232782	-1.4230249621875606	0.7775945676232782
3.130000000002181	-2.193237313893063	0.7702123672167167	-1.4230249466763465	0.7702123672167167
3.1350000000021914	-2.186259807026428	0.7632349047075021	-1.4230249023189259	0.7632349047075021
3.140000000002202	-2.1807948037209735	0.7577699438390872	-1.423024859881886	0.7577699438390872
3.1450000000022125	-2.178489696109504	0.7554648929564297	-1.4230248031530743	0.7554648929564297
3.150000000002223	-2.1812252039005906	0.7582004373027573	-1.4230247665978333	0.7582004373027573
3.1550000000022336	-2.190391806786211	0.7673670362132802	-1.4230247705729309	0.7673670362132802
3.160000000002244	-2.2060048690430505	0.7829800431970986	-1.423024825845952	0.7829800431970986
3.1650000000022547	-2.2262673567427846	0.8032424361054933	-1.4230249206372911	0.8032424361054933
3.1700000000022652	-2.248061400620004	0.8250363704989051	-1.4230250301210987	0.8250363704989051
3.175000000002276	-2.268014480018218	0.8449893838452818	-1.4230250961729363	0.8449893838452818
3.1800000000022863	-2.2834610697414477	0.8604359400606973	-1.4230251296807506	0.8604359400606973
3.185000000002297	-2.2928961729825614	0.8698710329874995	-1.4230251399950624	0.8698710329874995
3.1900000000023074	-2.295991780760426	0.8729666650383101	-1.423025115722116	0.8729666650383101
3.195000000002318	-2.2933925086255766	0.8703674367959447	-1.4230250718296318	0.8703674367959447
3.2000000000023285	-2.286473534268818	0.8634485021876505	-1.4230250320811677	0.8634485021876505
3.205000000002339	-2.2770773076007766	0.8540523297811232	-1.4230249778196538	0.8540523297811232
3.2100000000023496	-2.267271228902399	0.8442463279124702	-1.4230249009899285	0.8442463279124702
3.21500000000236	-2.2590704999555316	0.8360456396622403	-1.423024860293291	0.8360456396622403
3.2200000000023707	-2.254141015127936	0.8311161845498954	-1.4230248305780406	0.8311161845498954
3.2250000000023813	-2.253511797635454	0.830486975108234	-1.4230248225272204	0.830486975108234
3.230000000002392	-2.25732981474504	0.8343049599634491	-1.4230248547815905	0.8343049599634491
3.2350000000024024	-2.2648210911310267	0.8417961998977381	-1.4230248912332886	0.8417961998977381
3.240000000002413	-2.274490799358808	0.8514658495265732	-1.4230249498322352	0.8514658495265732
3.2450000000024235	-2.284539529282941	0.8615145267070858	-1.4230250025758553	0.8615145267070858
3.250000000002434	-2.2933496759722494	0.8703246396432348	-1.4230250363290144	0.8703246396432348
3.2550000000024446	-2.2998286149992455	0.876803588142051	-1.4230250268571945	0.876803588142051
3.260000000002455	-2.3034957156002487	0.8804706920534596	-1.4230250235467892	0.8804706920534596
3.2650000000024657	-2.3043143566721627	0.8812893093609959	-1.423025047311167	0.8812893093609959
3.2700000000024763	-2.302413217035658	0.8793881862750108	-1.423025030760647	0.8793881862750108
3.275000000002487	-2.297901537618651	0.8748765192274119	-1.4230250183912387	0.8748765192274119
3.2800000000024974	-2.290878148533683	0.8678531391221846	-1.4230250094114982	0.8678531391221846
3.285000000002508	-2.281574962219546	0.8585499597513653	-1.4230250024681805	0.8585499597513653
3.2900000000025185	-2.2705092048719844	0.8474842235122283	-1.4230249813597562	0.8474842235122283
3.295000000002529	-2.2585453657948222	0.8355204101827849	-1.4230249556120376	0.8355204101827849
3.3000000000025396	-2.246810229996756	0.8237853092730241	-1.4230249207237318	0.8237853092730241
3.30500000000255	-2.236490198452546	0.8134653070137571	-1.4230248914387886	0.8134653070137571
3.3100000000025607	-2.2285965946282023	0.8055717161210703	-1.4230248785071322	0.8055717161210703
3.3150000000025712	-2.2237969201997756	0.8007720466170299	-1.4230248735827455	0.8007720466170299
3.3200000000025818	-2.2223325015239723	0.7993076084523354	-1.423024893071637	0.7993076084523354
3.3250000000025923	-2.22400765135058	0.8009827469436687	-1.4230249044069114	0.8009827469436687
3.330000000002603	-2.2281819603802915	0.8051570423668357	-1.4230249180134555	0.8051570423668357
3.3350000000026134	-2.233818054903364	0.8107930981464117	-1.4230249567569522	0.8107930981464117
3.340000000002624	-2.2396563771060185	0.8166314001985859	-1.4230249769074326	0.8166314001985859
3.3450000000026345	-2.2445704349178315	0.8215454407192331	-1.4230249941985986	0.8215454407192331
3.350000000002645	-2.248021063982485	0.8249960519709613	-1.4230250120115238	0.8249960519709613
3.3550000000026556	-2.2504036178871716	0.8273786390756495	-1.4230249788115226	0.8273786390756495
3.360000000002666	-2.2529258428007317	0.8299009110937621	-1.4230249317069694	0.8299009110937621
3.3650000000026767	-2.256857545604996	0.8338326193448903	-1.4230249262601058	0.8338326193448903
3.3700000000026873	-2.262503750774208	0.8394788170977937	-1.4230249336764142	0.8394788170977937
3.375000000002698	-2.2687305319149718	0.8457055264212081	-1.4230250054937637	0.8457055264212081
3.3800000000027084	-2.2734717312128367	0.8504466606350792	-1.4230250705777576	0.8504466606350792
3.385000000002719	-2.2747049474080536	0.8516798380976017	-1.4230251093104516	0.8516798380976017
3.3900000000027295	-2.271213941265514	0.8481888325598661	-1.4230251087056478	0.8481888325598661
3.39500000000274	-2.262874794427625	0.8398497206125211	-1.423025073815104	0.8398497206125211
3.4000000000027506	-2.250668125215118	0.8276431098880691	-1.4230250153270487	0.8276431098880691
3.405000000002761	-2.236586029730882	0.8135610853245936	-1.4230249444062886	0.8135610853245936
3.4100000000027717	-2.2233257356216862	0.8003008539853264	-1.4230248816363598	0.8003008539853264
3.4150000000027823	-2.213599292060728	0.790574482102668	-1.4230248099580598	0.790574482102668
