# t	u	ec	e	T	P
0.005	-0.6891915343252525	1.02666021474825	0.3374686804229974	1.02666021474825	0.5326526372216035
0.009999999999999995	-0.6999623072835308	1.0374310022259845	0.3374686949424536	1.0374310022259845	0.5352603817511805
0.014999999999999965	-0.71241220715143	1.0498809173114976	0.3374687101600675	1.0498809173114976	0.5385711284772885
0.019999999999999934	-0.7268732512068347	1.0643419715348528	0.33746872032801817	1.0643419715348528	0.5426676362460671
0.024999999999999904	-0.7434992963261224	1.0809680205227692	0.3374687241966468	1.0809680205227692	0.5471595416560041
0.029999999999999874	-0.7621527225530271	1.0996214457436122	0.33746872319058513	1.0996214457436122	0.5527395057260162
0.034999999999999976	-0.7823827612470997	1.1198514970050557	0.33746873575795605	1.1198514970050557	0.5581482392042072
0.04000000000000012	-0.8035121219406455	1.1409808494273814	0.33746872748673595	1.1409808494273814	0.5652835195999432
0.04500000000000026	-0.8247700323542685	1.1622387332265487	0.3374687008722802	1.1622387332265487	0.5724638712088499
0.050000000000000405	-0.8454255197177619	1.1828942040925827	0.3374686843748208	1.1828942040925827	0.5794811842642197
0.05500000000000055	-0.8648970921656925	1.2023657547922062	0.33746866262651365	1.2023657547922062	0.5861222061350938
0.06000000000000069	-0.8827995259617736	1.2202681988965545	0.33746867293478106	1.2202681988965545	0.5918474233528742
0.06500000000000083	-0.898944023175048	1.2364126922426568	0.33746866906760886	1.2364126922426568	0.5971646786171977
0.07000000000000098	-0.9133153343674604	1.2507839961077378	0.3374686617402773	1.2507839961077378	0.6023495989707511
0.07500000000000112	-0.9260225589569945	1.2634912292542548	0.33746867029726035	1.2634912292542548	0.6068876524910225
0.08000000000000126	-0.9372555106150563	1.2747242055344654	0.3374686949194091	1.2747242055344654	0.6108264599943142
0.08500000000000141	-0.9472377271628402	1.2847064297933166	0.33746870263047657	1.2847064297933166	0.6145778695347434
0.09000000000000155	-0.9561917091020371	1.2936604152444349	0.3374687061423978	1.2936604152444349	0.6179986807182454
0.0950000000000017	-0.9643189442793227	1.3017876582235908	0.33746871394426803	1.3017876582235908	0.6211506513380363
0.10000000000000184	-0.9717826726052846	1.3092513917042568	0.3374687190989721	1.3092513917042568	0.6241636792473447
0.10500000000000198	-0.9786962023903265	1.3161649240689046	0.33746872167857817	1.3161649240689046	0.6271677432649877
0.11000000000000212	-0.985112999457177	1.322581726026646	0.3374687265694689	1.322581726026646	0.6299454389912332
0.11500000000000227	-0.9910213647267305	1.3284900730978917	0.33746870837116105	1.3284900730978917	0.6326040894505224
0.12000000000000241	-0.9963445724800075	1.3338132751959726	0.3374687027159649	1.3338132751959726	0.6347799439022075
0.12500000000000255	-1.000921016164381	1.3383897032584429	0.33746868709406186	1.3383897032584429	0.6370165635853767
0.130000000000002	-1.0045095495667555	1.3419782452491216	0.3374686956823662	1.3419782452491216	0.6392907200722081
0.13500000000000145	-1.0067967843018253	1.3442654450444036	0.33746866074257825	1.3442654450444036	0.6410309804458324
0.1400000000000009	-1.00740084667598	1.3448694822921385	0.3374686356161584	1.3448694822921385	0.6417598052523176
0.14500000000000035	-1.005903890913159	1.3433725274257668	0.33746863651260783	1.3433725274257668	0.6416445895524484
0.1499999999999998	-1.0019063659223268	1.3393749731879754	0.3374686072656486	1.3393749731879754	0.6402523979518491
0.15499999999999925	-0.9951117978685156	1.3325803929110942	0.33746859504257853	1.3325803929110942	0.6378091833018424
0.1599999999999987	-0.9854488828679088	1.3229174920624516	0.3374686091945428	1.3229174920624516	0.6338404734129189
0.16499999999999815	-0.9731984989517269	1.3106671173183033	0.33746861836657643	1.3106671173183033	0.628655556512481
0.1699999999999976	-0.9590575495291941	1.2965261948583275	0.3374686453291335	1.2965261948583275	0.6225666139325919
0.17499999999999705	-0.944081163322644	1.2815498110855659	0.337468647762922	1.2815498110855659	0.6129945876444179
0.1799999999999965	-0.9294721895044465	1.2669408509140774	0.3374686614096308	1.2669408509140774	0.6058530542865507
0.18499999999999595	-0.9162699986459366	1.2537386686526448	0.3374686700067083	1.2537386686526448	0.6013513019729055
0.1899999999999954	-0.9051103588196828	1.2425790229014153	0.3374686640817325	1.2425790229014153	0.5967415847443823
0.19499999999999484	-0.896143593196104	1.2336122545876387	0.3374686613915347	1.2336122545876387	0.5926836869945833
0.1999999999999943	-0.8891203902407833	1.2265890374880037	0.3374686472472204	1.2265890374880037	0.5900651487950512
0.20499999999999374	-0.8835793902406139	1.2210480311144416	0.3374686408738276	1.2210480311144416	0.5875857450379592
0.2099999999999932	-0.8789889406431592	1.2164575597301355	0.33746861908697623	1.2164575597301355	0.5855402072776568
0.21499999999999264	-0.8748842626760802	1.2123528689830747	0.33746860630699443	1.2123528689830747	0.582275419799037
0.2199999999999921	-0.8709449667730401	1.2084135755513128	0.3374686087782727	1.2084135755513128	0.5804629681658625
0.22499999999999154	-0.8670723631119492	1.204540968313561	0.33746860520161176	1.204540968313561	0.577300824688008
0.229999999999991	-0.8634538292646906	1.2009224356352193	0.3374686063705288	1.2009224356352193	0.575174374547118
0.23499999999999044	-0.8605863468375623	1.19805496226704	0.3374686154294777	1.19805496226704	0.5732180965871311
0.2399999999999899	-0.8592131672381137	1.196681803648287	0.3374686364101731	1.196681803648287	0.5701372681033158
0.24499999999998934	-0.8601749475033559	1.1976435855499452	0.33746863804658944	1.1976435855499452	0.5692124977122531
0.2499999999999888	-0.8641861353341023	1.2016547515863378	0.33746861625223556	1.2016547515863378	0.5667922366077902
0.25499999999998824	-0.8716074836317362	1.209076100048013	0.33746861641627673	1.209076100048013	0.568232692168568
0.2599999999999877	-0.8823196966987358	1.2197882914974083	0.3374685947986725	1.2197882914974083	0.5714654566880223
0.26499999999998713	-0.8957321312857622	1.2332006896750172	0.337468558389255	1.2332006896750172	0.5760911162361714
0.2699999999999866	-0.91089221824784	1.2483607564752448	0.3374685382274049	1.2483607564752448	0.5826206081185115
0.27499999999998603	-0.926690806991579	1.2641593152313249	0.33746850823974583	1.2641593152313249	0.5890644855335304
0.2799999999999855	-0.9420669822401506	1.2795354690915606	0.33746848685141	1.2795354690915606	0.5968365573960823
0.28499999999998493	-0.9561882700236742	1.293656748724148	0.3374684787004736	1.293656748724148	0.604522680974815
0.2899999999999844	-0.9685691323316317	1.3060376115772703	0.33746847924563866	1.3060376115772703	0.610581531983268
0.29499999999998383	-0.9791230345377808	1.3165914943271348	0.33746845978935414	1.3165914943271348	0.6170213449668598
0.2999999999999833	-0.9881413462479374	1.3256098278928954	0.337468481644958	1.3256098278928954	0.6223682972913653
0.30499999999998273	-0.9961995182567375	1.3336680251448876	0.33746850688815017	1.3336680251448876	0.6235296799465043
0.3099999999999822	-1.0039932221064585	1.3414617403660598	0.3374685182596012	1.3414617403660598	0.631565679200673
0.31499999999998163	-1.0121604572078229	1.3496289863938415	0.3374685291860186	1.3496289863938415	0.6363732612476873
0.3199999999999811	-1.0211240519619174	1.3585925989284937	0.33746854696657635	1.3585925989284937	0.640323422504918
0.3249999999999805	-1.0309981333908065	1.368466686096881	0.3374685527060744	1.368466686096881	0.6464919668774173
0.32999999999998	-1.0415773020329722	1.379045840906005	0.3374685388730326	1.379045840906005	0.6515433452355567
0.3349999999999794	-1.0524038835364358	1.389872405524207	0.3374685219877712	1.389872405524207	0.6581862205837092
0.3399999999999789	-1.062876089228355	1.4003445784437316	0.3374684892153763	1.4003445784437316	0.6651860713385076
0.3449999999999783	-1.0723715432415097	1.409840048579449	0.33746850533793904	1.409840048579449	0.6710605884490175
0.3499999999999778	-1.0803586791956457	1.4178271880215922	0.3374685088259466	1.4178271880215922	0.6767703609904644
0.3549999999999772	-1.086462740799432	1.4239312481244752	0.3374685073250433	1.4239312481244752	0.6811489538264985
0.35999999999997667	-1.0905161818718105	1.4279847007330346	0.33746851886122414	1.4279847007330346	0.686395400231433
0.3649999999999761	-1.09256120524797	1.4300297313172572	0.3374685260692873	1.4300297313172572	0.6899303439461256
0.36999999999997557	-1.092805447676895	1.4302739784829728	0.3374685308060779	1.4302739784829728	0.6920062767335857
0.374999999999975	-1.0915711690917977	1.429039704390828	0.3374685352990302	1.429039704390828	0.6918340653583448
0.37999999999997447	-1.089220915516033	1.4266894493944307	0.33746853387839765	1.4266894493944307	0.691871507797071
0.3849999999999739	-1.086099967502516	1.4235685147403685	0.33746854723785263	1.4235685147403685	0.6900634277550369
0.38999999999997337	-1.0825100095595075	1.4199785385978405	0.33746852903833285	1.4199785385978405	0.6859191685959478
0.3949999999999728	-1.0787096646954943	1.4161781889642624	0.337468524268768	1.4161781889642624	0.6849406089384364
0.39999999999997227	-1.0749342095509078	1.4124027470283644	0.33746853747745675	1.4124027470283644	0.6833591336756047
0.4049999999999717	-1.0713881093754312	1.4088566560063729	0.33746854663094156	1.4088566560063729	0.6800226055914192
0.40999999999997117	-1.0682162884683395	1.4056848283538972	0.3374685398855577	1.4056848283538972	0.6782285489313549
0.4149999999999706	-1.065445406451933	1.4029139406343623	0.3374685341824292	1.4029139406343623	0.6757795485722374
0.41999999999997006	-1.062931529838382	1.4004000690268865	0.3374685391885046	1.4004000690268865	0.6741167591766959
0.4249999999999695	-1.0603407423459625	1.3978092566396867	0.33746851429372426	1.3978092566396867	0.6724299312968895
0.42999999999996896	-1.057158199724483	1.3946266832393588	0.33746848351487574	1.3946266832393588	0.6700371484815559
0.4349999999999684	-1.0527667283129545	1.3902351876489984	0.3374684593360439	1.3902351876489984	0.6694924427288157
0.43999999999996786	-1.04658335286601	1.3840517724452834	0.3374684195792734	1.3840517724452834	0.665255206141196
0.4449999999999673	-1.0382829367264612	1.3757513407531454	0.33746840402668427	1.3757513407531454	0.6600733832420221
0.44999999999996676	-1.0280649416896246	1.3655333550657784	0.3374684133761538	1.3655333550657784	0.653795613347813
0.4549999999999662	-1.0168555901694438	1.3543240223765018	0.33746843220705813	1.3543240223765018	0.646385800522032
0.45999999999996566	-1.0062727884730662	1.3437412613812396	0.3374684729081733	1.3437412613812396	0.6402082738212641
0.4649999999999651	-0.998269855878402	1.3357383637981757	0.3374685079197738	1.3357383637981757	0.6379140414485903
0.46999999999996456	-0.9945943414096087	1.3320628680810742	0.33746852667146554	1.3320628680810742	0.6367655596431184
0.474999999999964	-0.996358826362894	1.3338273656264699	0.3374685392635759	1.3338273656264699	0.6378684279857922
0.47999999999996346	-1.003721365776686	1.3411898690848743	0.3374685033081882	1.3411898690848743	0.6419249416948404
0.4849999999999629	-1.0154138728066204	1.3528822922457406	0.33746841943912004	1.3528822922457406	0.6488653217294781
0.48999999999996235	-1.0283999831791073	1.3658682970283695	0.33746831384926224	1.3658682970283695	0.6546737668246557
0.4949999999999618	-1.0386303856976784	1.376098625030904	0.3374682393332256	1.376098625030904	0.6595730966178724
0.49999999999996125	-1.0427972696405299	1.3802654853797216	0.3374682157391916	1.3802654853797216	0.664372234136121
0.5049999999999607	-1.0397060685325854	1.3771743312503808	0.33746826271779523	1.3771743312503808	0.6614876225590212
0.5099999999999602	-1.0304311030135291	1.367899442464419	0.33746833945088994	1.367899442464419	0.6529033153556227
0.5149999999999596	-1.0175951529480343	1.3550635610687058	0.33746840812067147	1.3550635610687058	0.6433786667464774
0.519999999999959	-1.004529893121104	1.3419983845962633	0.33746849147515934	1.3419983845962633	0.637013447610726
0.5249999999999585	-0.994730070085616	1.3321986390530365	0.33746856896742045	1.3321986390530365	0.6313525288547921
0.529999999999958	-0.9914265591216007	1.3288951792561945	0.33746862013459394	1.3288951792561945	0.629189788435642
0.5349999999999574	-0.9967700810344524	1.334238707284443	0.3374686262499907	1.334238707284443	0.6324239318882745
0.5399999999999568	-1.010608933605835	1.3480774768223034	0.33746854321646835	1.3480774768223034	0.6395731486496166
0.5449999999999563	-1.0299529815191706	1.3674213992929105	0.33746841777373987	1.3674213992929105	0.6462255744526806
0.5499999999999557	-1.0500644272260222	1.387532746087953	0.3374683188619306	1.387532746087953	0.6568356921083193
0.5549999999999552	-1.0664337813165388	1.4039020299696199	0.3374682486530811	1.4039020299696199	0.6662738225147052
0.5599999999999546	-1.0761479149678532	1.413616125775167	0.3374682108073138	1.413616125775167	0.6717966334532524
0.5649999999999541	-1.0781349466800065	1.4156031629677686	0.3374682162877619	1.4156031629677686	0.6731587789813744
0.5699999999999535	-1.0728249001002872	1.4102931463593142	0.33746824625902705	1.4102931463593142	0.6710398707380324
0.574999999999953	-1.06180760960086	1.399275922593909	0.33746831299304914	1.399275922593909	0.6651615297876321
0.5799999999999524	-1.0476311577443584	1.3850995568598008	0.3374683991154424	1.3850995568598008	0.6578920020526126
0.5849999999999519	-1.0335679066940529	1.371036418852926	0.3374685121588732	1.371036418852926	0.6508691324329638
0.5899999999999513	-1.0230769514858291	1.36054554935384	0.337468597868011	1.36054554935384	0.6443675214284944
0.5949999999999508	-1.0189669382731972	1.3564355845656428	0.3374686462924457	1.3564355845656428	0.643055630848274
0.5999999999999502	-1.0225527819554083	1.360021417466895	0.3374686355114865	1.360021417466895	0.6454594704143869
0.6049999999999497	-1.0333336460924247	1.3708022326304867	0.33746858653806217	1.3708022326304867	0.6515237854923785
0.6099999999999491	-1.0493387540769332	1.3868072955771151	0.33746854150018196	1.3868072955771151	0.6603474254697828
0.6149999999999486	-1.0679096290276135	1.4053781076033942	0.3374684785757806	1.4053781076033942	0.6703860514578633
0.619999999999948	-1.0864685265364618	1.423936952344263	0.33746842580780123	1.423936952344263	0.6816244125407216
0.6249999999999475	-1.10300081314012	1.4404692012429958	0.3374683881028758	1.4404692012429958	0.6901850640297723
0.6299999999999469	-1.1162285334661748	1.4536968929740588	0.3374683595078838	1.4536968929740588	0.6983808340847613
0.6349999999999464	-1.1255736679707566	1.4630420259674628	0.3374683579967062	1.4630420259674628	0.7033312535383944
0.6399999999999458	-1.1310414604442485	1.4685098494675293	0.3374683890232809	1.4685098494675293	0.7060845916997939
0.6449999999999453	-1.1330559180909872	1.470524323939022	0.3374684058480348	1.470524323939022	0.7078422042845152
0.6499999999999447	-1.132250726352935	1.4697191574410604	0.3374684310881254	1.4697191574410604	0.7078937304704439
0.6549999999999442	-1.1292848574429184	1.4667532802253773	0.3374684227824591	1.4667532802253773	0.7070262997364607
0.6599999999999436	-1.1247036338520813	1.4621720541827308	0.3374684203306494	1.4621720541827308	0.705118993675963
0.6649999999999431	-1.1188929824913894	1.456361401811709	0.33746841932031957	1.456361401811709	0.7030223068398619
0.6699999999999425	-1.1121250366263369	1.4495934494851013	0.33746841285876444	1.4495934494851013	0.7009019149122273
0.674999999999942	-1.1046710886557407	1.4421394895637938	0.3374684009080529	1.4421394895637938	0.6983939542977222
0.6799999999999414	-1.09691545093473	1.4343838654539354	0.3374684145192053	1.4343838654539354	0.6958472679628295
0.6849999999999409	-1.0894177723582636	1.426886197519827	0.3374684251615635	1.426886197519827	0.6933872872154532
0.6899999999999403	-1.082858207908247	1.4203266484164316	0.3374684405081847	1.4203266484164316	0.6910205241617342
0.6949999999999398	-1.0778203823905783	1.41528883736763	0.3374684549770517	1.41528883736763	0.6899927678128756
0.6999999999999392	-1.0744827886101054	1.4119512261566656	0.33746843754656014	1.4119512261566656	0.6884775421873854
0.7049999999999387	-1.0723950025415763	1.4098634111413955	0.33746840859981914	1.4098634111413955	0.6841779881162522
0.7099999999999381	-1.0704750807375683	1.407943441569481	0.3374683608319127	1.407943441569481	0.6813011457323284
0.7149999999999376	-1.0672315054962467	1.4046998381669646	0.3374683326707179	1.4046998381669646	0.6779905639548565
0.719999999999937	-1.0611297621594884	1.39859805739668	0.3374682952371917	1.39859805739668	0.6720416613890734
0.7249999999999365	-1.051024493463158	1.38849276188389	0.337468268420732	1.38849276188389	0.6650706905541415
0.7299999999999359	-1.036517387198491	1.373985685901846	0.3374682987033549	1.373985685901846	0.65781637495203
0.7349999999999354	-1.0181445346324627	1.3556128764153457	0.337468341782883	1.3556128764153457	0.6460006712016255
0.7399999999999348	-0.9973494485012211	1.3348178295305555	0.3374683810293345	1.3348178295305555	0.6332182449476101
0.7449999999999343	-0.9763113618346266	1.313779807332956	0.33746844549832944	1.313779807332956	0.6204862339976082
0.7499999999999337	-0.9577019383042549	1.2951704636959138	0.337468525391659	1.2951704636959138	0.6090153264711251
0.7549999999999332	-0.9443894188678935	1.2818580091257314	0.33746859025783793	1.2818580091257314	0.6008167847932191
0.7599999999999326	-0.938864439500583	1.276333057684823	0.33746861818424023	1.276333057684823	0.5983100776368045
0.7649999999999321	-0.9422836220707448	1.2797522143435531	0.33746859227280834	1.2797522143435531	0.599261050516882
0.7699999999999315	-0.9536645880980485	1.291133105094554	0.3374685169965055	1.291133105094554	0.6046862543007948
0.774999999999931	-0.9701877252417674	1.307656164215163	0.33746843897339546	1.307656164215163	0.6125571520026228
0.7799999999999304	-0.9885895537817956	1.326057955960337	0.3374684021785413	1.326057955960337	0.6226363382611795
0.7849999999999299	-1.0064614009443964	1.3439297761039222	0.33746837515952577	1.3439297761039222	0.6308704053102389
0.7899999999999293	-1.0226232208627748	1.3600916099054405	0.3374683890426657	1.3600916099054405	0.638547522844827
0.7949999999999288	-1.0367007888427846	1.3741691920952537	0.3374684032524691	1.3741691920952537	0.647470931551084
0.7999999999999282	-1.048572464501309	1.3860408914493254	0.33746842694801643	1.3860408914493254	0.6528529627902484
0.8049999999999277	-1.0580828109065015	1.395551228496451	0.3374684175899496	1.395551228496451	0.6587746751591229
0.8099999999999271	-1.0650776346473885	1.4025460769998832	0.3374684423524947	1.4025460769998832	0.6664448387920714
0.8149999999999266	-1.0695319893537185	1.4070004435314791	0.3374684541777607	1.4070004435314791	0.6690227701996937
0.819999999999926	-1.0716247055003945	1.4090931775366935	0.337468472036299	1.4090931775366935	0.6731072034866579
0.8249999999999255	-1.071706806341304	1.4091753098688522	0.3374685035275483	1.4091753098688522	0.673745681456161
0.8299999999999249	-1.0702186304189247	1.4076871645884932	0.3374685341695685	1.4076871645884932	0.6732194301836405
0.8349999999999244	-1.0676075725859144	1.4050761116578006	0.33746853907188606	1.4050761116578006	0.6723302564171499
0.8399999999999238	-1.0642836293693434	1.4017521693209662	0.33746853995162285	1.4017521693209662	0.6709474950987655
0.8449999999999233	-1.0606075239507893	1.3980760702917818	0.3374685463409924	1.3980760702917818	0.668862321676334
0.8499999999999227	-1.0568993096026755	1.3943678706801421	0.33746856107746653	1.3943678706801421	0.6685242962907331
0.8549999999999222	-1.0534431401561222	1.3909116935009924	0.33746855334487036	1.3909116935009924	0.6671086278892155
0.8599999999999216	-1.0505127987044072	1.3879813242379309	0.3374685255335235	1.3879813242379309	0.6675282591837676
0.864999999999921	-1.048395420240282	1.3858639648122406	0.33746854457195835	1.3858639648122406	0.6666786374889723
0.8699999999999205	-1.0474214992098432	1.3848900636953148	0.33746856448547147	1.3848900636953148	0.6665529198511146
0.87499999999992	-1.0479838945604607	1.385452445793484	0.3374685512330233	1.385452445793484	0.666151158632917
0.8799999999999194	-1.050525427131244	1.3879939851008276	0.3374685579695836	1.3879939851008276	0.667018192215599
0.8849999999999189	-1.0554742275806681	1.392942806131269	0.33746857855060086	1.392942806131269	0.6696166251567649
0.8899999999999183	-1.063132045355219	1.400600629998766	0.33746858464354673	1.400600629998766	0.6728412459475396
0.8949999999999178	-1.0735262135643495	1.4109948039520037	0.3374685903876542	1.4109948039520037	0.6759746300594788
0.8999999999999172	-1.086238571646804	1.423707173851775	0.337468602204971	1.423707173851775	0.6836083330009923
0.9049999999999166	-1.1002691388035557	1.4377376904654937	0.33746855166193795	1.4377376904654937	0.690121153940611
0.9099999999999161	-1.1140634024939238	1.451531901938926	0.33746849944500196	1.451531901938926	0.695727341021981
0.9149999999999155	-1.125737420114132	1.4632058883049417	0.33746846819080956	1.4632058883049417	0.7011380535812632
0.919999999999915	-1.1334647519899113	1.4709331743077758	0.33746842231786445	1.4709331743077758	0.703749079798973
0.9249999999999144	-1.1359367756880396	1.473405180967809	0.3374684052797693	1.473405180967809	0.7038052012259686
0.9299999999999139	-1.132745633852952	1.4702140876550343	0.3374684538020823	1.4702140876550343	0.7016881939379966
0.9349999999999133	-1.1246263173147826	1.4620947896569947	0.33746847234221206	1.4620947896569947	0.6970151759500287
0.9399999999999128	-1.113438808011293	1.4509073224988627	0.3374685144875697	1.4509073224988627	0.6902797422128597
0.9449999999999122	-1.1018308796751288	1.4392994482367616	0.3374685685616326	1.4392994482367616	0.6837691143154112
0.9499999999999117	-1.092533674657809	1.4300022975640152	0.3374686229062064	1.4300022975640152	0.6782276834814127
0.9549999999999111	-1.0875025279530512	1.4249711494468278	0.3374686214937765	1.4249711494468278	0.6740813873949765
0.9599999999999106	-1.0873299492322723	1.4247985324797252	0.33746858324745305	1.4247985324797252	0.6735724710879765
0.96499999999991	-1.0912357891883255	1.4287043304331541	0.3374685412448285	1.4287043304331541	0.6781915625121483
0.9699999999999095	-1.0975498917360265	1.4350183918493389	0.3374685001133125	1.4350183918493389	0.6809685211986874
0.9749999999999089	-1.1043072548635129	1.44177571994771	0.3374684650841971	1.44177571994771	0.6837348883858506
0.9799999999999084	-1.1096940015358328	1.4471624336860225	0.3374684321501897	1.4471624336860225	0.6868235009040933
0.9849999999999078	-1.112306620392749	1.4497750250353472	0.3374684046425982	1.4497750250353472	0.6843232670543044
0.9899999999999073	-1.1113263083632927	1.4487947192153803	0.33746841085208756	1.4487947192153803	0.6858498275004647
0.9949999999999067	-1.1066442583349256	1.4441126793809473	0.33746842104602165	1.4441126793809473	0.681434554340136
0.9999999999999062	-1.0989242215198076	1.4363926720084186	0.337468450488611	1.4363926720084186	0.6768487446533313
1.0049999999999057	-1.089546887170872	1.4270153852435346	0.33746849807266244	1.4270153852435346	0.6723662704767276
1.0099999999999052	-1.0804329746347552	1.4179015235050778	0.33746854887032257	1.4179015235050778	0.673679419598215
1.0149999999999046	-1.0738049215870922	1.4112735182638716	0.33746859667677936	1.4112735182638716	0.6702640277431868
1.019999999999904	-1.071775656201088	1.4092442720898422	0.33746861588875404	1.4092442720898422	0.6702471476058945
1.0249999999999035	-1.0756814167945163	1.4131500055125454	0.33746858871802915	1.4131500055125454	0.6727857274689958
1.029999999999903	-1.0855047413170957	1.4229733040870776	0.3374685627699819	1.4229733040870776	0.6811499954452214
1.0349999999999024	-1.099871746303839	1.43734025215034	0.33746850584650107	1.43734025215034	0.6877434842640696
1.039999999999902	-1.1166755044217078	1.4541439601109933	0.3374684556892855	1.4541439601109933	0.6953905237993316
1.0449999999999013	-1.1337893619718213	1.471257798013042	0.3374684360412206	1.471257798013042	0.7030116872752302
1.0499999999999008	-1.1494878227819887	1.4869562325647983	0.33746840978280956	1.4869562325647983	0.710920818865278
1.0549999999999002	-1.1625813604076773	1.5000497633225693	0.33746840291489205	1.5000497633225693	0.7163165371633168
1.0599999999998997	-1.1723780987393544	1.5098464991644016	0.3374684004250473	1.5098464991644016	0.721684008609729
1.0649999999998991	-1.178546678763532	1.5160150818757223	0.33746840311219034	1.5160150818757223	0.7259661424711233
1.0699999999998986	-1.180865083438258	1.5183334804054882	0.3374683969672304	1.5183334804054882	0.727263279419013
1.074999999999898	-1.1788665636996227	1.5163349262015797	0.337468362501957	1.5163349262015797	0.7299145629475986
1.0799999999998975	-1.1713963640249712	1.5088646122836218	0.3374682482586506	1.5088646122836218	0.7296697253572941
1.084999999999897	-1.1563076871363063	1.4937758057022088	0.33746811856590253	1.4937758057022088	0.7219076117331875
1.0899999999998964	-1.1309398551395453	1.4684078871753754	0.33746803203583026	1.4684078871753754	0.7154548120836725
1.0949999999998958	-1.09471198127128	1.432180108965095	0.3374681276938149	1.432180108965095	0.7057830294561233
1.0999999999998953	-1.054389732582325	1.3918582563028972	0.3374685237205722	1.3918582563028972	0.6944372486057726
1.1049999999998947	-1.026372330635404	1.3638412554807127	0.33746892484530877	1.3638412554807127	0.6858496766875984
1.1099999999998942	-1.0250588629029829	1.3625276782685083	0.33746881536552537	1.3625276782685083	0.6828799004930166
1.1149999999998936	-1.0466878433464704	1.3841562126468552	0.3374683693003847	1.3841562126468552	0.6861213463849928
1.119999999999893	-1.0751926239167924	1.412660754814311	0.33746813089751854	1.412660754814311	0.6912354040758685
1.1249999999998925	-1.09963379874938	1.4371019418329245	0.3374681430835446	1.4371019418329245	0.6958111995701862
1.129999999999892	-1.1180818394473788	1.4555500742351988	0.3374682347878198	1.4555500742351988	0.6992179227141727
1.1349999999998914	-1.131786201785337	1.4692544649829005	0.3374682631975635	1.4692544649829005	0.702687145288406
1.1399999999998909	-1.1409977665909197	1.4784659982222883	0.3374682316313685	1.4784659982222883	0.7065897622597217
1.1449999999998903	-1.1446666967207344	1.482134909186253	0.3374682124655186	1.482134909186253	0.7083238217065895
1.1499999999998898	-1.1417411545163751	1.4792093636628731	0.33746820914649817	1.4792093636628731	0.7068323654074171
1.1549999999998892	-1.132150711068651	1.469618943239744	0.33746823217109295	1.469618943239744	0.7022437513667661
1.1599999999998887	-1.116878847502984	1.4543471218640405	0.3374682743610565	1.4543471218640405	0.6953161771863787
1.1649999999998881	-1.0974047798820576	1.4348730817307873	0.3374683018487298	1.4348730817307873	0.6882597769222972
1.1699999999998876	-1.075162452953871	1.412630775554228	0.33746832260035686	1.412630775554228	0.678245049692145
1.174999999999887	-1.051505872910508	1.3889742336788078	0.3374683607682998	1.3889742336788078	0.6646897946190374
1.1799999999998865	-1.0279354896261512	1.3654038955158025	0.33746840588965143	1.3654038955158025	0.6530124376373522
1.184999999999886	-1.0059387026889173	1.3434071257475255	0.33746842305860825	1.3434071257475255	0.6423186669550698
1.1899999999998854	-0.986343222358031	1.3238116198716552	0.3374683975136242	1.3238116198716552	0.6325405343739794
1.1949999999998848	-0.9689456871866168	1.3064140297960138	0.33746834260939723	1.3064140297960138	0.6284990355541141
1.1999999999998843	-0.9533602681721589	1.2908286073946136	0.33746833922245456	1.2908286073946136	0.619677671472046
1.2049999999998837	-0.9408353039884808	1.2783037284790317	0.3374684244905509	1.2783037284790317	0.616172759188378
1.2099999999998832	-0.9347538392561816	1.2722223349783974	0.33746849572221593	1.2722223349783974	0.61624525294337
1.2149999999998826	-0.9376917960010641	1.2751602187879012	0.33746842278683714	1.2751602187879012	0.6195497587874248
1.219999999999882	-0.9477835503850959	1.2852518300967049	0.337468279711609	1.2852518300967049	0.6252011810103125
1.2249999999998815	-0.9595720949764198	1.297040271101838	0.3374681761254182	1.297040271101838	0.6303764520529512
1.229999999999881	-0.968331319415287	1.305799476380264	0.3374681569649769	1.305799476380264	0.634096286766173
1.2349999999998804	-0.9725901755607785	1.3100583636143117	0.3374681880535331	1.3100583636143117	0.6361146183750392
1.2399999999998799	-0.9733548190775092	1.3108230524632436	0.33746823338573434	1.3108230524632436	0.6357400148171397
1.2449999999998793	-0.9721479311757237	1.3096161982045553	0.33746826702883154	1.3096161982045553	0.6334222778876635
1.2499999999998788	-0.9698748345586978	1.307343113316537	0.3374682787578391	1.307343113316537	0.6354786950056872
1.2549999999998782	-0.9670446261769726	1.3045129383419525	0.3374683121649798	1.3045129383419525	0.6352116902664398
1.2599999999998777	-0.9646098449515346	1.3020781991367298	0.3374683541851952	1.3020781991367298	0.6351841200602115
1.2649999999998771	-0.9644301183744226	1.3018985442945619	0.3374684259201392	1.3018985442945619	0.6388406745356047
1.2699999999998766	-0.9689584780918608	1.306426964141678	0.3374684860498172	1.306426964141678	0.6423238658100386
1.274999999999876	-0.9802889536875168	1.3177574634845663	0.33746850979704957	1.3177574634845663	0.6488834751305381
1.2799999999998755	-0.9989280751603488	1.3363965633405086	0.3374684881801599	1.3363965633405086	0.6581037899296793
1.284999999999875	-1.0231770505896645	1.3606454641109835	0.33746841352131907	1.3606454641109835	0.6693343657634026
1.2899999999998744	-1.0498065425659227	1.387274858592873	0.33746831602695027	1.387274858592873	0.6810095247807364
1.2949999999998738	-1.0754440305686936	1.4129122961223617	0.3374682655536681	1.4129122961223617	0.6922336203764197
1.2999999999998733	-1.0975725263206513	1.4350407667072378	0.33746824038658646	1.4350407667072378	0.7020248401701881
1.3049999999998727	-1.1147872331411854	1.4522554573336348	0.3374682241924492	1.4522554573336348	0.709193094426948
1.3099999999998722	-1.1266913539584642	1.464159597815946	0.33746824385748186	1.464159597815946	0.7129230670956972
1.3149999999998716	-1.1337193864278738	1.4711876576713587	0.33746827124348483	1.4711876576713587	0.7118335046412427
1.319999999999871	-1.136891578949668	1.47435989808741	0.337468319137742	1.47435989808741	0.7129249809032034
1.3249999999998705	-1.1374694572433308	1.4749378006393579	0.33746834339602716	1.4749378006393579	0.7095671488489088
1.32999999999987	-1.136676485636993	1.4741448712164509	0.3374683855794579	1.4741448712164509	0.7006964413429659
1.3349999999998694	-1.135615187576052	1.473083596998931	0.33746840942287903	1.473083596998931	0.6974145916632397
1.3399999999998689	-1.1352853930174982	1.4727538190608542	0.337468426043356	1.4727538190608542	0.6974011389914071
1.3449999999998683	-1.136432234056623	1.473900680531051	0.337468446474428	1.473900680531051	0.6960973658560726
1.3499999999998678	-1.1391633062978235	1.4766317381898666	0.337468431892043	1.4766317381898666	0.6911567571904133
1.3549999999998672	-1.1427687779435158	1.4802371838815516	0.33746840593803556	1.4802371838815516	0.6934415783819388
1.3599999999998666	-1.1461653716072657	1.4836337439007403	0.3374683722934745	1.4836337439007403	0.697086008728953
1.364999999999866	-1.1488367154857253	1.486305126864158	0.33746841137843275	1.486305126864158	0.7003785415087365
1.3699999999998655	-1.1513929932836926	1.4888614284299653	0.33746843514627256	1.4888614284299653	0.702613605679611
1.374999999999865	-1.155065222717393	1.4925336771256819	0.33746845440828876	1.4925336771256819	0.705671019294052
1.3799999999998644	-1.1604796096610028	1.4979480729189294	0.3374684632579266	1.4979480729189294	0.7028801451925228
1.384999999999864	-1.1669477124353245	1.5044161409315273	0.33746842849620295	1.5044161409315273	0.7072396278278563
1.3899999999998633	-1.172977617412737	1.5104460378355185	0.33746842042278147	1.5104460378355185	0.7109651014170818
1.3949999999998628	-1.177354182681898	1.514822632608415	0.33746844992651703	1.514822632608415	0.7131178842850598
1.3999999999998622	-1.1797593065207115	1.517227773230793	0.3374684667100814	1.517227773230793	0.714080672547676
1.4049999999998617	-1.1806653338809683	1.5181338525238155	0.3374685186428472	1.5181338525238155	0.7140715803888411
1.4099999999998611	-1.1808911471489372	1.5183597104380164	0.3374685632890791	1.5183597104380164	0.7134797708258437
1.4149999999998606	-1.1811551088965302	1.5186236914011795	0.33746858250464923	1.5186236914011795	0.7127804264616929
1.41999999999986	-1.1818332136206966	1.5193018162846883	0.3374686026639917	1.5193018162846883	0.7118660459106989
1.4249999999998595	-1.182895324619929	1.5203639141006693	0.3374685894807403	1.5203639141006693	0.7113375632821077
1.429999999999859	-1.1839763940625827	1.5214449257243903	0.33746853166180757	1.5214449257243903	0.7110142855278557
1.4349999999998584	-1.1844908594492878	1.5219593492557744	0.3374684898064865	1.5219593492557744	0.7097745288388756
1.4399999999998578	-1.1837523227327158	1.521220793575131	0.3374684708424151	1.521220793575131	0.7079057393564077
1.4449999999998573	-1.181068328438059	1.518536772264185	0.3374684438261258	1.518536772264185	0.705156357213203
1.4499999999998567	-1.1757456102290735	1.5132140473079068	0.3374684370788333	1.5132140473079068	0.7011038544413692
1.4549999999998562	-1.1669977816724093	1.5044661873407779	0.33746840566836867	1.5044661873407779	0.6960311509678719
1.4599999999998556	-1.1538020389794625	1.491270402011757	0.33746836303229444	1.491270402011757	0.6889225806506888
1.464999999999855	-1.1347557985855181	1.472224095628466	0.33746829704294784	1.472224095628466	0.6786686347093555
1.4699999999998545	-1.108147361746651	1.4456155817390708	0.3374682199924197	1.4456155817390708	0.6657855210461638
1.474999999999854	-1.0725463526124914	1.4100145446109094	0.3374681919984178	1.4100145446109094	0.649052917662986
1.4799999999998534	-1.0283348889522397	1.36580315530518	0.33746826635294025	1.36580315530518	0.6297412000901599
1.4849999999998529	-0.9801405971738575	1.3176090860860297	0.3374684889121721	1.3176090860860297	0.6048734419575507
1.4899999999998523	-0.938001752577226	1.2754705433269913	0.3374687907497652	1.2754705433269913	0.5884063267336667
1.4949999999998518	-0.9129306684912823	1.250399535196374	0.3374688667050916	1.250399535196374	0.5787917719656995
1.4999999999998512	-0.9081914847784097	1.245660144001364	0.33746865922295427	1.245660144001364	0.5800402773065814
1.5049999999998507	-0.9173722669998375	1.2548407142164615	0.337468447216624	1.2548407142164615	0.5891149361547876
1.5099999999998501	-0.9322301163885873	1.2696984922254506	0.3374683758368633	1.2696984922254506	0.5995998656619971
1.5149999999998496	-0.9489273157142429	1.286395732162552	0.3374684164483091	1.286395732162552	0.6106112388429865
1.519999999999849	-0.9672986411668327	1.3047671157933507	0.337468474626518	1.3047671157933507	0.6216939128801423
1.5249999999998485	-0.9876813290155674	1.3251497840644781	0.3374684550489108	1.3251497840644781	0.6311495800173307
1.529999999999848	-1.0092615814863664	1.346730003272303	0.33746842178593667	1.346730003272303	0.637932675283318
1.5349999999998474	-1.0301701266306913	1.3676385107646956	0.3374683841340044	1.3676385107646956	0.6482519086631874
1.5399999999998468	-1.0482107487451549	1.3856790724496943	0.3374683237045396	1.3856790724496943	0.6620319304056046
1.5449999999998463	-1.0615601266229753	1.3990284097935342	0.3374682831705589	1.3990284097935342	0.668911827708706
1.5499999999998457	-1.0692708978330727	1.4067392065075321	0.33746830867445937	1.4067392065075321	0.6733837815132874
1.5549999999998452	-1.0715595766833887	1.4090279155983134	0.3374683389149247	1.4090279155983134	0.6747156810922748
1.5599999999998446	-1.0697686194828158	1.407236993396408	0.3374683739135922	1.407236993396408	0.6739713398853089
1.564999999999844	-1.0659733817252692	1.4034418137193179	0.33746843199404863	1.4034418137193179	0.6720286951471015
1.5699999999998435	-1.0623483302476024	1.399816814533795	0.3374684842861926	1.399816814533795	0.6690418494226854
1.574999999999843	-1.0604454195564095	1.3979138668443807	0.33746844728797115	1.3979138668443807	0.6682412956603917
1.5799999999998424	-1.060671109955111	1.3981395369568008	0.33746842700169	1.3981395369568008	0.6693066998002389
1.5849999999998419	-1.0622670223603705	1.3997354110586133	0.33746838869824286	1.3997354110586133	0.6692295043221044
1.5899999999998413	-1.0638754925874365	1.4013438349853464	0.33746834239790985	1.4013438349853464	0.6690411113872697
1.5949999999998408	-1.0642912965940345	1.4017596385674513	0.33746834197341685	1.4017596385674513	0.6652174497413311
1.5999999999998402	-1.0627462675563433	1.4002145663173615	0.33746829876101825	1.4002145663173615	0.662927514365182
1.6049999999998397	-1.0585140502322292	1.3959823080809277	0.33746825784869855	1.3959823080809277	0.6606336182603193
1.6099999999998391	-1.050395564215501	1.3878637706822547	0.33746820646675374	1.3878637706822547	0.6541886980038026
1.6149999999998386	-1.0372402045037024	1.3747083921642573	0.337468187660555	1.3747083921642573	0.6445249907930246
1.619999999999838	-1.0199727057874812	1.3574410081016801	0.33746830231419894	1.3574410081016801	0.6355235812632777
1.6249999999998375	-1.0035076672907257	1.3409761644966098	0.3374684972058841	1.3409761644966098	0.6245607760670266
1.629999999999837	-0.9949848365888869	1.3324534408761857	0.3374686042872989	1.3324534408761857	0.6141782448494661
1.6349999999998364	-0.9976763210251473	1.3351448120016947	0.3374684909765473	1.3351448120016947	0.6179759253996069
1.6399999999998358	-1.0073468475669711	1.3448151498843313	0.33746830231736025	1.3448151498843313	0.6283057246671753
1.6449999999998353	-1.0161564096757305	1.353624583623772	0.3374681739480415	1.353624583623772	0.6367190749046939
1.6499999999998347	-1.0186538393147082	1.3561220125594988	0.33746817324479056	1.3561220125594988	0.6415953483588445
1.6549999999998342	-1.0139231560813167	1.351391411695219	0.33746825561390237	1.351391411695219	0.6445615544330878
1.6599999999998336	-1.0047683488143928	1.3422367336779444	0.3374683848635516	1.3422367336779444	0.6407931507828102
1.664999999999833	-0.9962878460696192	1.333756375751336	0.3374685296817168	1.333756375751336	0.636742482200507
1.6699999999998325	-0.9938838481301583	1.3313524462838187	0.3374685981536602	1.3313524462838187	0.6371915199302809
1.674999999999832	-1.0005521673392213	1.338020734832622	0.3374685674934008	1.338020734832622	0.6384079638556891
1.6799999999998314	-1.0153127084228495	1.3527812079642159	0.3374684995413662	1.3527812079642159	0.6430040562879978
1.6849999999998309	-1.0345251912788624	1.3719936342150163	0.33746844293615397	1.3719936342150163	0.6495290318347772
1.6899999999998303	-1.0545261651786815	1.3919945730070205	0.33746840782833915	1.3919945730070205	0.6601200388606141
1.6949999999998298	-1.0730670881184377	1.4105354946585444	0.33746840654010685	1.4105354946585444	0.666941483524183
1.6999999999998292	-1.0892032874541824	1.4266716966683453	0.33746840921416293	1.4266716966683453	0.6742970209917236
1.7049999999998287	-1.1026988040890553	1.440167237022923	0.33746843293386775	1.440167237022923	0.6798478493275841
1.709999999999828	-1.1136457949477716	1.4511142574052491	0.33746846245747747	1.4511142574052491	0.6849921651944322
1.7149999999998276	-1.1223158637125903	1.4597843417415928	0.3374684780290025	1.4597843417415928	0.6890652967433577
1.719999999999827	-1.1290797808428505	1.4665482651345854	0.3374684842917348	1.4665482651345854	0.6920526523562756
1.7249999999998264	-1.1343421199858594	1.4718106148179948	0.33746849483213526	1.4718106148179948	0.6937812833347273
1.729999999999826	-1.1384790872140789	1.475947594368236	0.3374685071541573	1.475947594368236	0.6961558398801775
1.7349999999998253	-1.1417982314412989	1.4792667499466947	0.3374685185053957	1.4792667499466947	0.6979401469615354
1.7399999999998248	-1.1445108828474961	1.4819793927843472	0.337468509936851	1.4819793927843472	0.7003856767394993
1.7449999999998242	-1.1467209852664495	1.4841894837888756	0.33746849852242605	1.4841894837888756	0.7019715596520327
1.7499999999998237	-1.1484240799271754	1.48589254998017	0.3374684700529946	1.48589254998017	0.7033634817877449
1.7549999999998231	-1.1495171191535656	1.486985588556986	0.33746846940342023	1.486985588556986	0.7042773024629665
1.7599999999998226	-1.149823123805742	1.4872916004438972	0.33746847663815516	1.4872916004438972	0.7055154022316911
1.764999999999822	-1.1491506820667068	1.486619183675839	0.3374685016091321	1.486619183675839	0.7071718311560663
1.7699999999998215	-1.1473411382233436	1.484809631946152	0.3374684937228082	1.484809631946152	0.7074882358057605
1.774999999999821	-1.144332071719925	1.481800552790685	0.3374684810707602	1.481800552790685	0.7067786949104208
1.7799999999998204	-1.1401979912052476	1.4776664931067953	0.3374685019015476	1.4776664931067953	0.7056248329860662
1.7849999999998198	-1.135152235248512	1.4726207440118797	0.33746850876336765	1.4726207440118797	0.7035438360975896
1.7899999999998193	-1.129495726794791	1.4669642739170683	0.3374685471222774	1.4669642739170683	0.7013642117144024
1.7949999999998187	-1.1235485332360802	1.4610171079010816	0.33746857466500146	1.4610171079010816	0.6988014649113711
1.7999999999998182	-1.117570134990859	1.4550387144813237	0.3374685794904647	1.4550387144813237	0.6958083398671195
1.8049999999998176	-1.1117146722435676	1.4491832420811697	0.337468569837602	1.4491832420811697	0.6922897856805676
1.809999999999817	-1.1060638661832254	1.4435324214402265	0.33746855525700126	1.4435324214402265	0.6906555447799434
1.8149999999998165	-1.1007079664126007	1.4381765254280805	0.33746855901547973	1.4381765254280805	0.6879322556417966
1.819999999999816	-1.0958436434440229	1.4333122397876576	0.3374685963436349	1.4333122397876576	0.6846459752310814
1.8249999999998154	-1.0917812586334223	1.4292498531581486	0.33746859452472633	1.4292498531581486	0.680808528257366
1.8299999999998149	-1.0888461564670338	1.4263147575592856	0.33746860109225196	1.4263147575592856	0.6782510644868188
1.8349999999998143	-1.0871760940946276	1.4246446627491058	0.3374685686544784	1.4246446627491058	0.6763539946809957
1.8399999999998138	-1.0865201219791474	1.4239886846366372	0.33746856265748987	1.4239886846366372	0.6750544099455322
1.8449999999998132	-1.0861813357908041	1.4236498652274414	0.33746852943663724	1.4236498652274414	0.6739208529126212
1.8499999999998127	-1.0851169929575537	1.4225854845848127	0.33746849162725906	1.4225854845848127	0.6727957581817846
1.8549999999998121	-1.0821560048500825	1.4196244585319358	0.3374684536818532	1.4196244585319358	0.6700386423733729
1.8599999999998116	-1.0762631157961844	1.4137315283816982	0.33746841258551386	1.4137315283816982	0.6657707513548102
1.864999999999811	-1.066845130959859	1.4043135327309317	0.33746840177107273	1.4043135327309317	0.6606322931765057
1.8699999999998105	-1.0541536013354582	1.391622040463802	0.3374684391283438	1.391622040463802	0.6531611555882384
1.87499999999981	-1.0397427065532414	1.3772112286986191	0.3374685221453778	1.3772112286986191	0.6489878083692678
1.8799999999998094	-1.026616115775625	1.3640847317306868	0.3374686159550617	1.3640847317306868	0.6411969745599547
1.8849999999998088	-1.0184773464591805	1.3559460329875725	0.33746868652839196	1.3559460329875725	0.635825878278674
1.8899999999998083	-1.018020198778495	1.3554889057524853	0.33746870697399034	1.3554889057524853	0.6344827124045496
1.8949999999998077	-1.0254653316774556	1.3629339976093413	0.33746866593188574	1.3629339976093413	0.636915787046341
1.8999999999998072	-1.0387636423983237	1.3762322302124894	0.3374685878141656	1.3762322302124894	0.6425326550529132
1.9049999999998066	-1.055162166515117	1.3926307068754813	0.3374685403603642	1.3926307068754813	0.6500142188713932
1.909999999999806	-1.0725232184398739	1.4099917346934898	0.337468516253616	1.4099917346934898	0.6584662496578602
1.9149999999998055	-1.0896020232779244	1.42707053271877	0.3374685094408457	1.42707053271877	0.6668219996164417
1.919999999999805	-1.1056836375637438	1.4431521296854268	0.3374684921216831	1.4431521296854268	0.6753749364398731
1.9249999999998044	-1.1201761224382123	1.4576445869191954	0.3374684644809832	1.4576445869191954	0.6833650009598011
1.9299999999998039	-1.1324542659981334	1.4699227313893917	0.33746846539125824	1.4699227313893917	0.6909776423543433
1.9349999999998033	-1.1419063052708764	1.4793747802407828	0.3374684749699064	1.4793747802407828	0.6962516105248847
1.9399999999998028	-1.1480878541011916	1.485556322362521	0.33746846826132937	1.485556322362521	0.7002594285500812
1.9449999999998022	-1.1508816628808767	1.4883501506799979	0.33746848779912125	1.4883501506799979	0.7034195133791715
1.9499999999998017	-1.1506195782694502	1.48808809497896	0.33746851670951	1.48808809497896	0.7036034763027542
1.9549999999998011	-1.1481153479139168	1.4855838956921987	0.33746854777828206	1.4855838956921987	0.7035666931299898
1.9599999999998006	-1.1445904777868248	1.4820590905590305	0.33746861277220574	1.4820590905590305	0.7018704977228467
1.9649999999998	-1.1414820544298574	1.478950698416633	0.33746864398677545	1.478950698416633	0.700397491167167
1.9699999999997995	-1.1401341198412225	1.4776027930147522	0.3374686731735295	1.4776027930147522	0.6977784318941223
1.974999999999799	-1.1414505396936065	1.47891920246565	0.3374686627720432	1.47891920246565	0.6979717206903532
1.9799999999997984	-1.1456205864851743	1.4830892595325258	0.3374686730473516	1.4830892595325258	0.6994105373092615
1.9849999999997978	-1.1520724276187817	1.4895410526000434	0.3374686249812619	1.4895410526000434	0.7021363088947042
1.9899999999997973	-1.1596562548935574	1.4971248435708753	0.33746858867731805	1.4971248435708753	0.706322972639861
1.9949999999997967	-1.166998727274282	1.5044672781670203	0.33746855089273836	1.5044672781670203	0.7093759329720998
1.9999999999997962	-1.1728796406418356	1.5103481669257166	0.33746852628388113	1.5103481669257166	0.7152951502797867
2.0049999999998067	-1.176478791233583	1.5139473011372204	0.33746850990363725	1.5139473011372204	0.7165924155995284
2.0099999999998173	-1.1774912682327723	1.5149597845815137	0.3374685163487413	1.5149597845815137	0.7194200239270497
2.014999999999828	-1.1760815939595504	1.5135501030205247	0.3374685090609745	1.5135501030205247	0.7183951393003134
2.0199999999998384	-1.1727665073242304	1.510235079738905	0.33746857241467465	1.510235079738905	0.7160213879393794
2.024999999999849	-1.1682494968536299	1.5057180952510185	0.33746859839738863	1.5057180952510185	0.7128318544664767
2.0299999999998595	-1.1632820494691485	1.5007506559064996	0.33746860643735116	1.5007506559064996	0.7095986835647534
2.03499999999987	-1.1585360013303272	1.4960046091657988	0.3374686078354718	1.4960046091657988	0.7070507819613578
2.0399999999998806	-1.1544896308102186	1.4919582553795436	0.337468624569325	1.4919582553795436	0.7044415136006742
2.044999999999891	-1.1513494425626134	1.4888180469082624	0.33746860434564907	1.4888180469082624	0.7032435502843778
2.0499999999999017	-1.1490266687081736	1.4864952647690242	0.33746859606085067	1.4864952647690242	0.7044612313773045
2.0549999999999122	-1.1472146362315725	1.4846832174742526	0.33746858124268003	1.4846832174742526	0.7029609154494311
2.059999999999923	-1.1454911140847117	1.4829596776111622	0.33746856352645066	1.4829596776111622	0.7013307488193046
2.0649999999999333	-1.1433842856818979	1.4808528209385257	0.33746853525662757	1.4808528209385257	0.6998433525430235
2.069999999999944	-1.1404295489710712	1.4778980733216167	0.3374685243505455	1.4778980733216167	0.6978940705392077
2.0749999999999544	-1.136256594451126	1.4737251131765599	0.33746851872543376	1.4737251131765599	0.695711038172748
2.079999999999965	-1.1307541086186084	1.4682226562253664	0.3374685476067579	1.4682226562253664	0.6922457195041833
2.0849999999999755	-1.1242238286465984	1.4616923416162806	0.337468512969682	1.4616923416162806	0.6896897700860235
2.089999999999986	-1.1173669523301355	1.4548354843300149	0.33746853199987936	1.4548354843300149	0.6870872622117616
2.0949999999999966	-1.1110392802802729	1.448507846425342	0.3374685661450691	1.448507846425342	0.6872939340206016
2.100000000000007	-1.1058073973768916	1.44327596723863	0.3374685698617384	1.44327596723863	0.6921710950469155
2.1050000000000177	-1.10161473893944	1.4390833028121597	0.33746856387271973	1.4390833028121597	0.690611955181017
2.1100000000000283	-1.0978422700397157	1.43531078945875	0.33746851941903444	1.43531078945875	0.6887271573405035
2.115000000000039	-1.093793824822511	1.431262333257925	0.3374685084354139	1.431262333257925	0.6857608823200574
2.1200000000000494	-1.0892622392942948	1.4267307629357373	0.3374685236414426	1.4267307629357373	0.6838768410374114
2.12500000000006	-1.0848259968226648	1.422294531997424	0.3374685351747593	1.422294531997424	0.6846372142566279
2.1300000000000705	-1.0816596338628242	1.4191281869994128	0.3374685531365887	1.4191281869994128	0.6834614366143035
2.135000000000081	-1.0809860693405755	1.418454658383408	0.33746858904283245	1.418454658383408	0.6829403534424104
2.1400000000000916	-1.0835141136631428	1.4209827127091723	0.33746859904602944	1.4209827127091723	0.6827635139396226
2.145000000000102	-1.0891821047652441	1.4266506847509353	0.33746857998569124	1.4266506847509353	0.6852640633532405
2.1500000000001127	-1.0972643482494633	1.4347329057252654	0.3374685574758021	1.4347329057252654	0.6888905615332946
2.1550000000001233	-1.1066725783512958	1.4441411106951045	0.33746853234380864	1.4441411106951045	0.6919883128188447
2.160000000000134	-1.1162683980473747	1.4537368952979355	0.33746849725056094	1.4537368952979355	0.6954399546788333
2.1650000000001444	-1.1250850259997576	1.462553540364077	0.3374685143643195	1.462553540364077	0.6989064973452177
2.170000000000155	-1.132446928066619	1.4699154188299568	0.3374684907633379	1.4699154188299568	0.7002123390793025
2.1750000000001655	-1.1380146445168622	1.475483139929309	0.33746849541244683	1.475483139929309	0.702898978009803
2.180000000000176	-1.1417112391013937	1.479179729951281	0.3374684908498874	1.479179729951281	0.7047171315372689
2.1850000000001866	-1.1435414362184273	1.4810099630491902	0.337468526830763	1.4810099630491902	0.7050928830935042
2.190000000000197	-1.1433418479898865	1.4808103366431298	0.33746848865324325	1.4808103366431298	0.7054721016045631
2.1950000000002077	-1.1405908540139134	1.4780593317088002	0.3374684776948868	1.4780593317088002	0.7048506594432785
2.2000000000002182	-1.1343944502763923	1.47186287471611	0.3374684244397176	1.47186287471611	0.7021385889522803
2.2050000000002288	-1.1238151307307636	1.4612835294507298	0.33746839871996615	1.4612835294507298	0.6979274551727788
2.2100000000002393	-1.108752797355347	1.4462212223658515	0.3374684250105044	1.4462212223658515	0.6901996702637276
2.21500000000025	-1.0914174431294577	1.428886005233189	0.3374685621037312	1.428886005233189	0.6823526920097964
2.2200000000002604	-1.0773076713187646	1.4147764108677126	0.33746873954894796	1.4147764108677126	0.6757171975246727
2.225000000000271	-1.073187591874687	1.4106564034129585	0.33746881153827146	1.4106564034129585	0.674307774344451
2.2300000000002815	-1.0817457925334828	1.4192144722982105	0.3374686797647277	1.4192144722982105	0.6758622522452777
2.235000000000292	-1.0985945054039177	1.4360629728005918	0.337468467396674	1.4360629728005918	0.6829376693918887
2.2400000000003026	-1.1158458904203021	1.453314228585022	0.3374683381647199	1.453314228585022	0.6941542667472598
2.245000000000313	-1.1275291135144598	1.4649974133070038	0.337468299792544	1.4649974133070038	0.701054548643707
2.2500000000003237	-1.131408290471707	1.468876605835262	0.337468315363555	1.468876605835262	0.7050472328304636
2.2550000000003343	-1.1278285097444556	1.4652968869263958	0.3374683771819403	1.4652968869263958	0.704515571727986
2.260000000000345	-1.1181460278490907	1.455614445989252	0.3374684181401612	1.455614445989252	0.7007845958768885
2.2650000000003554	-1.103809764800908	1.4412782101021708	0.3374684453012628	1.4412782101021708	0.6943214243691105
2.270000000000366	-1.0860136694938058	1.4234821221302314	0.33746845263642555	1.4234821221302314	0.6862354736770051
2.2750000000003765	-1.0656585380638834	1.4031270214505582	0.3374684833866748	1.4031270214505582	0.6777972572775935
2.280000000000387	-1.0435180154094412	1.3809865246535638	0.3374685092441224	1.3809865246535638	0.6668785771430962
2.2850000000003976	-1.0206183590318663	1.35808689587822	0.33746853684635353	1.35808689587822	0.6555254397566306
2.290000000000408	-0.998749586783155	1.3362181644140454	0.33746857763089055	1.3362181644140454	0.6471291986612718
2.2950000000004187	-0.9808055915879089	1.3182742266396479	0.3374686350517391	1.3182742266396479	0.6388187740614696
2.3000000000004293	-0.9703066626684076	1.3077753523876787	0.3374686897192713	1.3077753523876787	0.6359064298554764
2.30500000000044	-0.9699246167932362	1.3073933041283956	0.33746868733515956	1.3073933041283956	0.638780816160285
2.3100000000004504	-0.9800910130948894	1.3175596331660941	0.3374686200712047	1.3175596331660941	0.6456392997258231
2.315000000000461	-0.9990896777957339	1.3365582392543915	0.3374685614586578	1.3365582392543915	0.6561317405802549
2.3200000000004715	-1.024058364025064	1.361526855549426	0.3374684915243618	1.361526855549426	0.6675298686566499
2.325000000000482	-1.051463851813744	1.38893225387651	0.337468402062766	1.38893225387651	0.680688785880456
2.3300000000004926	-1.0773422296861401	1.414810545969	0.3374683162828597	1.414810545969	0.6914950037922892
2.335000000000503	-1.098223455682823	1.43569172890291	0.33746827322008727	1.43569172890291	0.698709512848806
2.3400000000005137	-1.1122194812199937	1.4496877485263528	0.33746826730635904	1.4496877485263528	0.7047785917119148
2.345000000000524	-1.1193385039130412	1.4568068135176722	0.337468309604631	1.4568068135176722	0.710357516281812
2.3500000000005348	-1.1210250922525957	1.4584934684986215	0.3374683762460256	1.4584934684986215	0.7132754577081358
2.3550000000005453	-1.119478687832923	1.4569471292244536	0.33746844139153054	1.4569471292244536	0.7146872280155213
2.360000000000556	-1.1171212549286735	1.454589749785209	0.3374684948565354	1.454589749785209	0.715044386290969
2.3650000000005664	-1.1161258446468965	1.4535943655590744	0.33746852091217805	1.4535943655590744	0.7151779580456669
2.370000000000577	-1.117767780484881	1.4552362819376807	0.33746850145279994	1.4552362819376807	0.7144734144972776
2.3750000000005875	-1.121850818627468	1.4593192747902444	0.33746845616277626	1.4593192747902444	0.714443570323727
2.380000000000598	-1.1269837116640808	1.464452130589921	0.3374684189258402	1.464452130589921	0.7073419373543767
2.3850000000006086	-1.1319861800067212	1.4694546530079882	0.33746847300126687	1.4694546530079882	0.7072522522256296
2.390000000000619	-1.1372901791445504	1.474758711520093	0.33746853237554275	1.474758711520093	0.7071592222808115
2.3950000000006297	-1.144596231733781	1.4820647779497385	0.3374685462159573	1.4820647779497385	0.708748065094321
2.4000000000006403	-1.1547643345039436	1.492232851868051	0.3374685173641075	1.492232851868051	0.7126015474778197
2.405000000000651	-1.1662904684494286	1.5037589042268533	0.3374684357774247	1.5037589042268533	0.7176740594594451
2.4100000000006614	-1.1761591878843531	1.5136276169490015	0.3374684290646482	1.5136276169490015	0.7240197579047689
2.415000000000672	-1.1818039957635902	1.5192724095468182	0.337468413783228	1.5192724095468182	0.7261650819806407
2.4200000000006825	-1.182132863013386	1.519601283645574	0.3374684206321878	1.519601283645574	0.7258918959903542
2.425000000000693	-1.1772847389762964	1.514753190298689	0.3374684513223927	1.514753190298689	0.7235472594252715
2.4300000000007036	-1.1678893845764728	1.50535787200866	0.33746848743218705	1.50535787200866	0.7186370559648729
2.435000000000714	-1.1544992052958265	1.4919676880726342	0.33746848277680785	1.4919676880726342	0.7111178505479187
2.4400000000007247	-1.1374482715556438	1.4749167260441536	0.33746845448850993	1.4749167260441536	0.7022151677074547
2.4450000000007353	-1.1172695332060447	1.454738005032142	0.3374684718260973	1.454738005032142	0.6906114154485122
2.450000000000746	-1.0957355857919169	1.4332041470315398	0.33746856123962277	1.4332041470315398	0.6774184857649049
2.4550000000007564	-1.0769303481322061	1.4143990227407657	0.3374686746085594	1.4143990227407657	0.6669220766233601
2.460000000000767	-1.066510203718109	1.403978970857754	0.33746876713964497	1.403978970857754	0.6609179941808745
2.4650000000007775	-1.068024499754597	1.40549323386146	0.3374687341068632	1.40549323386146	0.6615847718701391
2.470000000000788	-1.0794927055473424	1.4169612768420894	0.3374685712947468	1.4169612768420894	0.6677023028862915
2.4750000000007986	-1.0948427948219983	1.432311218639879	0.3374684238178807	1.432311218639879	0.6752877932368131
2.480000000000809	-1.1085432068216587	1.4460115729731453	0.3374683661514865	1.4460115729731453	0.6830019473647763
2.4850000000008197	-1.1182481712078687	1.4557165899443174	0.33746841873644884	1.4557165899443174	0.6887897078082967
2.49000000000083	-1.1243061099298375	1.461774590846086	0.3374684809162484	1.461774590846086	0.6887467069058123
2.4950000000008408	-1.1281352586062938	1.465603797544446	0.33746853893815215	1.465603797544446	0.694622935189517
2.5000000000008513	-1.1309874722374398	1.4684560183591913	0.33746854612175153	1.4684560183591913	0.6943797937374311
2.505000000000862	-1.133462593523948	1.4709311340444629	0.3374685405205149	1.4709311340444629	0.69543883953373
2.5100000000008724	-1.1355554413227704	1.4730239560757485	0.3374685147529782	1.4730239560757485	0.6960309061087435
2.515000000000883	-1.1369467267476974	1.4744152246576478	0.3374684979099506	1.4744152246576478	0.6966314236312484
2.5200000000008935	-1.1372813170973048	1.474749810744158	0.33746849364685305	1.474749810744158	0.6970021081372959
2.525000000000904	-1.1363691050246905	1.4738376041763055	0.3374684991516152	1.4738376041763055	0.6972875412120042
2.5300000000009146	-1.1342965238061355	1.4717650354468832	0.3374685116407477	1.4717650354468832	0.6951792015593018
2.535000000000925	-1.1314534360165158	1.468921970027906	0.3374685340113902	1.468921970027906	0.694402599957024
2.5400000000009357	-1.1284281413765407	1.4658966971249945	0.33746855574845386	1.4658966971249945	0.6937162861720965
2.5450000000009463	-1.1257677094061227	1.4632362706019615	0.3374685611958388	1.4632362706019615	0.6935452984314093
2.550000000000957	-1.1236821228414684	1.4611506686830682	0.3374685458415999	1.4611506686830682	0.6885207736846666
2.5550000000009674	-1.1218827090666763	1.459351244341081	0.3374685352744048	1.459351244341081	0.6876306905175811
2.560000000000978	-1.1197024225119023	1.4571709384967153	0.337468515984813	1.4571709384967153	0.6883861808040855
2.5650000000009885	-1.1164581713162984	1.4539266911177655	0.337468519801467	1.4539266911177655	0.6883918169785378
2.570000000000999	-1.1118580684557418	1.4493265897209227	0.3374685212651809	1.4493265897209227	0.6866323300456468
2.5750000000010096	-1.106198602890171	1.443667154149499	0.33746855125932823	1.443667154149499	0.6834719687222784
2.58000000000102	-1.1003051517237201	1.4377737284764764	0.3374685767527565	1.4377737284764764	0.6818455595948281
2.5850000000010307	-1.0952413607400866	1.4327099476880565	0.33746858694796983	1.4327099476880565	0.6786683956122935
2.5900000000010412	-1.0919502485690071	1.4294188540742354	0.3374686055052283	1.4294188540742354	0.6771131060148358
2.595000000001052	-1.090982568418825	1.4284511993359255	0.3374686309171004	1.4284511993359255	0.6811662752562154
2.6000000000010624	-1.0924732814757072	1.4299419021533841	0.3374686206776769	1.4299419021533841	0.6836028413590962
2.605000000001073	-1.096315588549308	1.4337842268524952	0.3374686383031872	1.4337842268524952	0.6853778074052286
2.6100000000010835	-1.1024051833456487	1.4398738234248436	0.33746864007919486	1.4398738234248436	0.6888929935306605
2.615000000001094	-1.1107353359405605	1.448203975275876	0.33746863933531546	1.448203975275876	0.6893591593854868
2.6200000000011046	-1.1212883948349401	1.4587570414417161	0.337468646606776	1.4587570414417161	0.6948292589966115
2.625000000001115	-1.1338654806949264	1.4713341301791807	0.33746864948425426	1.4713341301791807	0.7021627250577916
2.6300000000011257	-1.1480259438969527	1.4854945858641335	0.3374686419671808	1.4854945858641335	0.7100396459575485
2.635000000001136	-1.163138162416198	1.5006068033839086	0.3374686409677105	1.5006068033839086	0.7169474612694556
2.6400000000011468	-1.1784846344442506	1.5159532872109525	0.33746865276670207	1.5159532872109525	0.7237903284242911
2.6450000000011573	-1.1933458848253147	1.5308145289649466	0.3374686441396318	1.5308145289649466	0.7307776649192794
2.650000000001168	-1.207067851409763	1.5445364993948727	0.33746864798510956	1.5445364993948727	0.7341042593514691
2.6550000000011784	-1.21912141023036	1.5565900791397405	0.3374686689093805	1.5565900791397405	0.7388190531773444
2.660000000001189	-1.2291458199414587	1.5666144948869216	0.33746867494546307	1.5666144948869216	0.7424698721822336
2.6650000000011995	-1.2369775463833137	1.5744462156289902	0.3374686692456764	1.5744462156289902	0.7462216015123376
2.67000000000121	-1.2426399880578762	1.580108680711898	0.3374686926540218	1.580108680711898	0.7478973532058424
2.6750000000012206	-1.2463123400985197	1.5837810401794252	0.3374687000809055	1.5837810401794252	0.7483994924369193
2.680000000001231	-1.2482776028757925	1.5857463046971672	0.33746870182137473	1.5857463046971672	0.7482510941238395
2.6850000000012417	-1.2488838332014716	1.5863525721047038	0.33746873890323215	1.5863525721047038	0.7471087917518902
2.6900000000012523	-1.2485174878460492	1.5859862805453246	0.3374687926992755	1.5859862805453246	0.7461672142180018
2.695000000001263	-1.2475718223169767	1.585040624112752	0.33746880179577515	1.585040624112752	0.7449126293944112
2.7000000000012734	-1.2463898870017884	1.58385869369304	0.3374688066912516	1.58385869369304	0.7439883676510219
2.705000000001284	-1.2451839019382387	1.5826526890640764	0.3374687871258378	1.5826526890640764	0.7432402715991551
2.7100000000012945	-1.243947717163791	1.5814164964858946	0.3374687793221037	1.5814164964858946	0.742422531694407
2.715000000001305	-1.2424164851214097	1.5798852609101033	0.3374687757886936	1.5798852609101033	0.7415519407918522
2.7200000000013156	-1.240106340821014	1.5775750831170143	0.3374687422960004	1.5775750831170143	0.7418454762955269
2.725000000001326	-1.236376034940985	1.5738447554135582	0.33746872047257326	1.5738447554135582	0.7402282852486227
2.7300000000013367	-1.2305452100746788	1.568013887968327	0.33746867789364815	1.568013887968327	0.737385477739018
2.7350000000013472	-1.2220088428486495	1.559477508260785	0.3374686654121355	1.559477508260785	0.734333682082036
2.740000000001358	-1.2103740129690919	1.5478426833763945	0.3374686704073025	1.5478426833763945	0.7293313578646818
2.7450000000013683	-1.1955740928920442	1.533042761576065	0.3374686686840208	1.533042761576065	0.7216514458446084
2.750000000001379	-1.177975832876322	1.515444513024573	0.3374686801482511	1.515444513024573	0.7126706328651579
2.7550000000013894	-1.1584256460398104	1.495894336151981	0.33746869011217046	1.495894336151981	0.7031431277314489
2.7600000000014	-1.1382643498338214	1.475733076123465	0.33746872628964353	1.475733076123465	0.6934489189950355
2.7650000000014106	-1.1192937279732975	1.4567624941823651	0.33746876620906774	1.4567624941823651	0.6848094405344993
2.770000000001421	-1.1035680124013199	1.4410367964456148	0.3374687840442949	1.4410367964456148	0.6781750411733014
2.7750000000014317	-1.092913907559168	1.4303827113438963	0.3374688037847281	1.4303827113438963	0.6754660636427144
2.780000000001442	-1.0883760418579076	1.425844858896519	0.3374688170386112	1.425844858896519	0.6732988316158688
2.7850000000014528	-1.0900779080100509	1.4275467274294744	0.33746881941942347	1.4275467274294744	0.678221122640139
2.7900000000014633	-1.0975587199579777	1.4350275254472036	0.3374688054892259	1.4350275254472036	0.6846991918665811
2.795000000001474	-1.1100266902127203	1.4474954677268388	0.3374687775141186	1.4474954677268388	0.691425131876246
2.8000000000014844	-1.1261839821802202	1.4636527013457146	0.33746871916549437	1.4636527013457146	0.7016428864214184
2.805000000001495	-1.1440831648135807	1.4815518502495224	0.33746868543594144	1.4815518502495224	0.7062031745850033
2.8100000000015055	-1.1615404280798318	1.4990090910664222	0.33746866298659045	1.4990090910664222	0.7153715824580061
2.815000000001516	-1.1768251420969824	1.5142938003007493	0.3374686582037668	1.5142938003007493	0.722527630212813
2.8200000000015266	-1.189039408694139	1.526508078477239	0.3374686697831	1.526508078477239	0.7290374927342045
2.825000000001537	-1.1980352803459353	1.5355039678718172	0.3374686875258818	1.5355039678718172	0.733770725524267
2.8300000000015477	-1.2040915597398663	1.5415602690830283	0.3374687093431621	1.5415602690830283	0.7368816536265667
2.8350000000015583	-1.2075918432094976	1.5450605768284484	0.33746873361895086	1.5450605768284484	0.7359249180583467
2.840000000001569	-1.2088115131356443	1.5462802513712068	0.33746873823556256	1.5462802513712068	0.7362919159316718
2.8450000000015794	-1.2078536316214261	1.5453223549301993	0.3374687233087731	1.5453223549301993	0.736366304353051
2.85000000000159	-1.2046543099951068	1.542123029167522	0.3374687191724152	1.542123029167522	0.7356246677009283
2.8550000000016005	-1.1990247579989353	1.5364934880866608	0.3374687300877254	1.5364934880866608	0.7323486141183344
2.860000000001611	-1.1907004030503698	1.5281691133323876	0.3374687102820177	1.5281691133323876	0.7283422432842332
2.8650000000016216	-1.179386866482346	1.5168555699397017	0.33746870345735586	1.5168555699397017	0.7230049389139634
