# t	u	ec	e	T	P
0.009999999999999995	-0.6961787793496589	1.0002873335451063	0.30410855419544747	1.0002873335451063	0.456568095346318
0.019999999999999934	-0.702712790132912	1.0068213508238706	0.3041085606909586	1.0068213508238706	0.45943373439769836
0.029999999999999874	-0.7161227212029397	1.0202312734392165	0.30410855223627664	1.0202312734392165	0.4653299733496629
0.04000000000000012	-0.7352581623786439	1.039366701968541	0.3041085395898972	1.039366701968541	0.4737613158853403
0.050000000000000405	-0.7571558407853447	1.0612643645298543	0.3041085237445096	1.0612643645298543	0.48341434922691784
0.06000000000000069	-0.778767473162901	1.0828759907794068	0.3041085176165058	1.0828759907794068	0.49296616934566045
0.07000000000000098	-0.7984591893696362	1.102567707409266	0.3041085180396297	1.102567707409266	0.5017238652629347
0.08000000000000126	-0.8160604534779298	1.1201689761978462	0.3041085227199163	1.1201689761978462	0.5095870685136078
0.09000000000000155	-0.8321217167216732	1.1362302446656425	0.30410852794396925	1.1362302446656425	0.5167933123130938
0.10000000000000184	-0.847244128236122	1.151352656148374	0.304108527912252	1.151352656148374	0.5236107126833284
0.11000000000000212	-0.8616887832295733	1.1657973107395947	0.30410852751002126	1.1657973107395947	0.5301466196698422
0.12000000000000241	-0.8751770974370366	1.179285607085028	0.30410850964799135	1.179285607085028	0.5362626482674032
0.130000000000002	-0.8867471401810206	1.1908556328309399	0.3041084926499193	1.1908556328309399	0.5415048999013288
0.1400000000000009	-0.8946844428643522	1.198792911431559	0.3041084685672067	1.198792911431559	0.5451569694311889
0.1499999999999998	-0.8967221348956458	1.2008305856235113	0.3041084507278654	1.2008305856235113	0.5461640090434811
0.1599999999999987	-0.8909010580819967	1.195009489441568	0.30410843135957116	1.195009489441568	0.5436203851214138
0.1699999999999976	-0.8772677387138889	1.1813761879782878	0.304108449264399	1.1813761879782878	0.5375700931102173
0.1799999999999965	-0.8590852516180524	1.1631937273237754	0.30410847570572297	1.1631937273237754	0.5294901219381758
0.1899999999999954	-0.8412357795087453	1.1453442662707403	0.304108486761995	1.1453442662707403	0.5215515682442756
0.1999999999999943	-0.8269036624906596	1.1310121429340967	0.30410848044343713	1.1310121429340967	0.5151849847931309
0.2099999999999932	-0.8169314402157237	1.1210399194012424	0.3041084791855187	1.1210399194012424	0.5106627207507696
0.2199999999999921	-0.8116837346538709	1.1157922149467259	0.30410848029285503	1.1157922149467259	0.5083114051830052
0.229999999999991	-0.8120252504495975	1.1161337354917498	0.3041084850421524	1.1161337354917498	0.5084410585410012
0.2399999999999899	-0.8188070833378182	1.1229155676355673	0.3041084842977491	1.1229155676355673	0.511396051297259
0.2499999999999888	-0.8317210105721923	1.1358294811108138	0.3041084705386215	1.1358294811108138	0.5171634376391203
0.2599999999999877	-0.8484059007483994	1.152514345238163	0.30410844448976354	1.152514345238163	0.5246679377641211
0.2699999999999866	-0.8649918056512715	1.1691002262351866	0.3041084205839152	1.1691002262351866	0.5321358249757959
0.2799999999999855	-0.8785850377835843	1.182693461416253	0.30410842363266866	1.182693461416253	0.5382681221904025
0.2899999999999844	-0.890073558494972	1.1941820093159128	0.3041084508209407	1.1941820093159128	0.543317920353751
0.2999999999999833	-0.9030482839841085	1.2071567448425913	0.3041084608584827	1.2071567448425913	0.5490674553884098
0.3099999999999822	-0.9191297225750203	1.2232381675027744	0.3041084449277539	1.2232381675027744	0.5563489482685054
0.3199999999999811	-0.9361755584660137	1.2402839829834398	0.304108424517426	1.2402839829834398	0.5640884078957511
0.32999999999998	-0.9506495964127739	1.2547580083401502	0.3041084119273762	1.2547580083401502	0.5706945042631414
0.3399999999999789	-0.9598331945807616	1.2639415967390972	0.30410840215833573	1.2639415967390972	0.5748557896060175
0.3499999999999778	-0.9638667871882616	1.2679752137666271	0.3041084265783656	1.2679752137666271	0.5765519121116608
0.35999999999997667	-0.9661539098039122	1.2702623501308343	0.304108440326922	1.2702623501308343	0.5775868198059975
0.36999999999997557	-0.9690192182934126	1.2731276519847117	0.3041084336912991	1.2731276519847117	0.5788803971799129
0.37999999999997447	-0.9716407181849913	1.2757491365394034	0.304108418354412	1.2757491365394034	0.5800407398375702
0.38999999999997337	-0.9724950437846893	1.2766034556520056	0.30410841186731635	1.2766034556520056	0.5803798301195874
0.39999999999997227	-0.9714741081377964	1.2755825216235697	0.3041084134857733	1.2755825216235697	0.5799186397452629
0.40999999999997117	-0.9690244294888171	1.2731328507410666	0.30410842125224957	1.2731328507410666	0.5787807624621093
0.41999999999997006	-0.96548836134333	1.2695967962749988	0.30410843493166884	1.2695967962749988	0.5772182964633406
0.42999999999996896	-0.9636167973595462	1.2677252602907667	0.3041084629312205	1.2677252602907667	0.5762565954539955
0.43999999999996786	-0.9679681596397062	1.2720766297514485	0.3041084701117424	1.2720766297514485	0.5779756649822282
0.44999999999996676	-0.9792848957920532	1.283393336297948	0.30410844050589464	1.283393336297948	0.5830810355883372
0.45999999999996566	-0.993101671593376	1.2972100829449176	0.30410841135154165	1.2972100829449176	0.5894985766671336
0.46999999999996456	-1.0040335221823116	1.308141922450878	0.30410840026856656	1.308141922450878	0.5946192936412896
0.47999999999996346	-1.0098495511805132	1.3139579526904412	0.30410840150992813	1.3139579526904412	0.597488268500495
0.48999999999996235	-1.0123014373451131	1.3164098572160503	0.30410841987093706	1.3164098572160503	0.5986325963348972
0.49999999999996125	-1.0151254435894386	1.3192338804208845	0.3041084368314457	1.3192338804208845	0.6000278026369512
0.5099999999999602	-1.0207096623306475	1.3248180852954552	0.3041084229648075	1.3248180852954552	0.6026259615446276
0.519999999999959	-1.0275332611782633	1.3316416599548033	0.3041083987765401	1.3316416599548033	0.6057794258036644
0.529999999999958	-1.0319490409899181	1.3360574391350317	0.30410839814511353	1.3360574391350317	0.6077920857045562
0.5399999999999568	-1.0334644710572483	1.3375728940191802	0.30410842296193197	1.3375728940191802	0.6083585756062999
0.5499999999999557	-1.0348008792252004	1.3389092989232279	0.3041084196980273	1.3389092989232279	0.6088402179410461
0.5599999999999546	-1.035907986365692	1.3400163887797887	0.30410840241409687	1.3400163887797887	0.6091955201919605
0.5699999999999535	-1.034775231315444	1.3388836176243335	0.30410838630888964	1.3388836176243335	0.6085728685828502
0.5799999999999524	-1.0301716286755636	1.3342800107928097	0.30410838211724617	1.3342800107928097	0.6063717364312705
0.5899999999999513	-1.0227441307514256	1.3268525284485124	0.30410839769708686	1.3268525284485124	0.6029454305420734
0.5999999999999502	-1.0157369726500292	1.3198453834073218	0.30410841075729284	1.3198453834073218	0.5998042711381236
0.6099999999999491	-1.010961854361653	1.315070242042403	0.30410838768074994	1.315070242042403	0.5976249680767334
0.619999999999948	-1.0057677183630538	1.3098760904104534	0.30410837204739966	1.3098760904104534	0.5952530967047255
0.6299999999999469	-0.9997431878877598	1.3038515897058773	0.3041084018181175	1.3038515897058773	0.5924115038717797
0.6399999999999458	-0.9966470321950863	1.300755447369121	0.3041084151740347	1.300755447369121	0.5908770201367612
0.6499999999999447	-0.9989265536289182	1.303034980727952	0.30410842709903363	1.303034980727952	0.5917277190239308
0.6599999999999436	-1.0072323809953603	1.3113408090357206	0.3041084280403604	1.3113408090357206	0.5954743544001648
0.6699999999999425	-1.0204438608316715	1.324552257067515	0.3041083962358435	1.324552257067515	0.6015321295622591
0.6799999999999414	-1.033069036405873	1.3371774058323773	0.30410836942650427	1.3371774058323773	0.6073855494099639
0.6899999999999403	-1.0402225649761252	1.344330944252893	0.3041083792767679	1.344330944252893	0.6108064424199268
0.6999999999999392	-1.0415503350405748	1.3456587437002065	0.30410840865963173	1.3456587437002065	0.611483996701111
0.7099999999999381	-1.0411152058775777	1.3452236746264996	0.30410846874892183	1.3452236746264996	0.6112545517670125
0.719999999999937	-1.0453369915072794	1.3494454443579973	0.30410845285071786	1.3494454443579973	0.6132593647954743
0.7299999999999359	-1.0528679432140868	1.3569763928800036	0.3041084496659169	1.3569763928800036	0.6166745390124064
0.7399999999999348	-1.061064828710575	1.3651732899425268	0.3041084612319518	1.3651732899425268	0.6203518366308014
0.7499999999999337	-1.0705351985571774	1.3746436336497907	0.30410843509261326	1.3746436336497907	0.6247156676133141
0.7599999999999326	-1.079737331551692	1.383845746476294	0.304108414924602	1.383845746476294	0.6289862289873109
0.7699999999999315	-1.084974582663831	1.389082979626624	0.3041083969627928	1.389082979626624	0.6314887764017187
0.7799999999999304	-1.0854242477879223	1.389532678166503	0.3041084303785806	1.389532678166503	0.6317814658364074
0.7899999999999293	-1.0841743681982445	1.3882828184913647	0.3041084502931202	1.3882828184913647	0.6313114754278272
0.7999999999999282	-1.0825129415745034	1.3866213760650556	0.30410843449055214	1.3866213760650556	0.6304180511850318
0.8099999999999271	-1.0787403049362305	1.3828487513857262	0.3041084464494956	1.3828487513857262	0.6285823267987352
0.819999999999926	-1.073412852466997	1.3775213108356967	0.30410845836869965	1.3775213108356967	0.626060903497137
0.8299999999999249	-1.068861997379359	1.372970464640041	0.30410846726068197	1.372970464640041	0.6239060397587262
0.8399999999999238	-1.0669236214824185	1.3710320922235355	0.30410847074111697	1.3710320922235355	0.6229505282970015
0.8499999999999227	-1.0683583393883092	1.3724667926249352	0.30410845323662605	1.3724667926249352	0.6236343207167448
0.8599999999999216	-1.0715331446709653	1.3756415737341448	0.30410842906317953	1.3756415737341448	0.6250886176405789
0.8699999999999205	-1.0732889534086376	1.3773973685636816	0.30410841515504394	1.3773973685636816	0.6259075390762738
0.8799999999999194	-1.072191967175355	1.3763003925998838	0.3041084254245288	1.3763003925998838	0.6254256239905458
0.8899999999999183	-1.0689905932971073	1.3730990129224432	0.30410841962533597	1.3730990129224432	0.6239924787898409
0.8999999999999172	-1.0647686953117672	1.3688771200267835	0.3041084247150162	1.3688771200267835	0.6219544220098558
0.9099999999999161	-1.060940939541674	1.365049376874675	0.30410843733300086	1.365049376874675	0.6202582767675757
0.919999999999915	-1.0593412776709556	1.363449707415257	0.30410842974430125	1.363449707415257	0.6195630846764917
0.9299999999999139	-1.05999355911684	1.3641019705747475	0.3041084114579074	1.3641019705747475	0.619821314903456
0.9399999999999128	-1.0614593865085051	1.365567791016777	0.304108404508272	1.365567791016777	0.6204431020288783
0.9499999999999117	-1.062725990991115	1.3668343876198619	0.3041083966287468	1.3668343876198619	0.6209599104356911
0.9599999999999106	-1.0627639643186197	1.36687234568788	0.30410838136926016	1.36687234568788	0.6210079979835871
0.9699999999999095	-1.0610082578472773	1.3651166340910077	0.30410837624373055	1.3651166340910077	0.6201757506467708
0.9799999999999084	-1.0594686432495986	1.3635770296143337	0.304108386364735	1.3635770296143337	0.6194497024780672
0.9899999999999073	-1.0595334334061106	1.3636418063827374	0.30410837297662674	1.3636418063827374	0.619500143957902
0.9999999999999062	-1.0588520577619043	1.362960413032435	0.3041083552705307	1.362960413032435	0.6192795687541761
