# t	u	ec	e
0.005	-2.413259402586868	0.9900676700721288	-1.423191732514739
0.009999999999999995	-2.398567477515591	0.9753757492862623	-1.4231917282293285
0.014999999999999965	-2.3775883539076816	0.954396661876078	-1.423191692031604
0.019999999999999934	-2.3515120701969603	0.9283204193209426	-1.4231916508760176
0.024999999999999904	-2.321735517001437	0.898543900262472	-1.4231916167389653
0.029999999999999874	-2.289499279503589	0.8663076740832928	-1.4231916054202958
0.034999999999999976	-2.255534375337134	0.8323427674606527	-1.4231916078764812
0.04000000000000012	-2.2199624222759424	0.7967708024456809	-1.4231916198302614
0.04500000000000026	-2.182633906028855	0.7594422910372748	-1.4231916149915804
0.050000000000000405	-2.143753848065653	0.7205622577687764	-1.4231915902968768
0.05500000000000055	-2.1044203055420727	0.6812287754971829	-1.42319153004489
0.06000000000000069	-2.0667132452487205	0.6435217658199544	-1.4231914794287661
0.06500000000000083	-2.0332749012925997	0.610083496264639	-1.4231914050279608
0.07000000000000098	-2.006596854822083	0.583405484344975	-1.423191370477108
0.07500000000000112	-1.9883714579517422	0.565180091899418	-1.423191366052324
0.08000000000000126	-1.979166489811744	0.5559751185776559	-1.423191371234088
0.08500000000000141	-1.9784672172309499	0.5552758152199103	-1.4231914020110394
0.09000000000000155	-1.984974715450674	0.5617832672223912	-1.423191448228283
0.0950000000000017	-1.9969602981358756	0.5737688042888301	-1.4231914938470454
0.10000000000000184	-2.012554720602812	0.589363187057194	-1.4231915335456176
0.10500000000000198	-2.0299307255086045	0.6067391560473995	-1.4231915694612054
0.11000000000000212	-2.0474056509403913	0.6242140579625031	-1.4231915929778884
0.11500000000000227	-2.0635115832212736	0.6403199512538278	-1.4231916319674456
0.12000000000000241	-2.077081263956185	0.6538896240711817	-1.4231916398850035
0.12500000000000255	-2.0873388367094132	0.6641471984002278	-1.4231916383091852
0.130000000000002	-2.0939436492518095	0.6707520126398407	-1.4231916366119688
0.13500000000000145	-2.0969838954056472	0.6737922889095356	-1.4231916064961119
0.1400000000000009	-2.096896136799044	0.6737045434133005	-1.4231915933857433
0.14500000000000035	-2.0943532738657558	0.6711617040692137	-1.4231915697965423
0.1499999999999998	-2.090180645506405	0.6669891052959145	-1.4231915402104902
0.15499999999999925	-2.0852879887893967	0.6620964740108465	-1.42319151477855
0.1599999999999987	-2.080632025241324	0.6574405313078019	-1.4231914939335224
0.16499999999999815	-2.0771657104258052	0.6539742375177161	-1.423191472908089
0.1699999999999976	-2.0757428732603156	0.6525514168229241	-1.4231914564373915
0.17499999999999705	-2.0769854117831152	0.6537939622652625	-1.4231914495178528
0.1799999999999965	-2.081156371484635	0.6579649129227779	-1.4231914585618568
0.18499999999999595	-2.088087292163095	0.6648958221835598	-1.4231914699795352
0.1899999999999954	-2.097203561995899	0.6740120692420325	-1.4231914927538665
0.19499999999999484	-2.1076556953922303	0.684464178505725	-1.4231915168865055
0.1999999999999943	-2.1185077484184607	0.6953162101810082	-1.4231915382374525
0.20499999999999374	-2.1289225618026677	0.7057310003958119	-1.4231915614068558
0.2099999999999932	-2.1382921174943106	0.7151005518813801	-1.4231915656129306
0.21499999999999264	-2.146292045587073	0.7231004763834921	-1.4231915692035813
0.2199999999999921	-2.152881134737729	0.7296895782514574	-1.4231915564862714
0.22499999999999154	-2.1582710893305648	0.7350795381614261	-1.4231915511691386
0.229999999999991	-2.16284245235852	0.7396509066264341	-1.423191545732086
0.23499999999999044	-2.1670033452809285	0.7438117971101381	-1.4231915481707904
0.2399999999999899	-2.171009526770657	0.7478179765794125	-1.4231915501912449
0.24499999999998934	-2.1748178187352547	0.7516262437707764	-1.4231915749644783
0.2499999999999888	-2.178084925191398	0.7548933185525903	-1.4231916066388077
0.25499999999998824	-2.1803219144212225	0.7571302818829346	-1.423191632538288
0.2599999999999877	-2.181176707756487	0.7579850630790637	-1.4231916446774235
0.26499999999998713	-2.1806909959732432	0.7574993552468056	-1.4231916407264378
0.2699999999999866	-2.179418646320153	0.7562270248505691	-1.4231916214695841
0.27499999999998603	-2.17834538710694	0.7551537890783959	-1.4231915980285441
0.2799999999999855	-2.178603350092024	0.7554117724792878	-1.4231915776127364
0.28499999999998493	-2.181083274262567	0.7578917238569011	-1.4231915504056658
0.2899999999999844	-2.1860885763020423	0.7628969916561826	-1.42319158464586
0.29499999999998383	-2.1932024906163754	0.7700109002057057	-1.4231915904106693
0.2999999999999833	-2.2014413768253602	0.7782497588447409	-1.4231916179806194
0.30499999999998273	-2.209580715291734	0.7863890641837621	-1.423191651107972
0.3099999999999822	-2.216516502112321	0.7933248544201444	-1.4231916476921764
0.31499999999998163	-2.2215358268196868	0.7983441566451347	-1.4231916701745522
0.3199999999999811	-2.2244556515707585	0.8012639812646544	-1.423191670306104
0.3249999999999805	-2.225620366212168	0.8024287198121329	-1.4231916464000351
0.32999999999998	-2.2257534309303777	0.8025617866857314	-1.4231916442446464
0.3349999999999794	-2.225696628617426	0.8025049881250231	-1.4231916404924023
0.3399999999999789	-2.226114308466494	0.8029226935390353	-1.4231916149274588
0.3449999999999783	-2.2272496102672235	0.8040579702372749	-1.4231916400299485
0.3499999999999778	-2.228842258838238	0.8056505934829292	-1.4231916653553092
0.3549999999999772	-2.230232647408308	0.8070409632745644	-1.423191684133743
0.35999999999997667	-2.2306499946296006	0.8074582870500356	-1.423191707579565
0.3649999999999761	-2.229537542650293	0.8063458329231225	-1.4231917097271702
0.36999999999997557	-2.226795560980027	0.8036038542198056	-1.4231917067602213
0.374999999999975	-2.222812146821628	0.7996204581658384	-1.4231916886557898
0.37999999999997447	-2.2183109539670007	0.7951192849333064	-1.4231916690336943
0.3849999999999739	-2.214096871415277	0.7909052123335301	-1.4231916590817468
0.38999999999997337	-2.2108248410602003	0.7876331842171563	-1.4231916568430438
0.3949999999999728	-2.2088844358088626	0.785692776000968	-1.4231916598078949
0.39999999999997227	-2.208435913650917	0.7852442574756355	-1.4231916561752813
0.4049999999999717	-2.209535963000015	0.7863443272968652	-1.42319163570315
0.40999999999997117	-2.2122620691969246	0.7890704351794127	-1.4231916340175121
0.4149999999999706	-2.216755441343256	0.7935638203843205	-1.423191620958936
0.41999999999997006	-2.223152512743462	0.799960879970954	-1.4231916327725083
0.4249999999999695	-2.2314247116197747	0.8082330342807075	-1.4231916773390672
0.42999999999996896	-2.2411982474096535	0.8180065764185828	-1.4231916709910706
0.4349999999999684	-2.251649202469883	0.8284574888860454	-1.4231917135838374
0.43999999999996786	-2.261552346590341	0.8383605939984988	-1.4231917525918423
0.4449999999999673	-2.269489670462402	0.8462978727167987	-1.4231917977456032
0.44999999999996676	-2.274123906828128	0.8509320746891785	-1.4231918321389494
0.4549999999999662	-2.274469838221197	0.851278001014248	-1.4231918372069492
0.45999999999996566	-2.2701381079070226	0.8469462791768223	-1.4231918287302006
0.4649999999999651	-2.2615588082460447	0.8383670154515974	-1.4231917927944473
0.46999999999996456	-2.2501644734295065	0.8269727248768284	-1.4231917485526782
0.474999999999964	-2.2383053599282703	0.8151136582521002	-1.42319170167617
0.47999999999996346	-2.2286345958959206	0.8054429460338599	-1.423191649862061
0.4849999999999629	-2.2230385924336913	0.7998469308258896	-1.4231916616078018
0.48999999999996235	-2.2218969572639655	0.7987052580111361	-1.4231916992528295
0.4949999999999618	-2.2243268098403575	0.8011350771023771	-1.4231917327379802
0.49999999999996125	-2.2291030574690494	0.805911280437097	-1.4231917770319524
0.5049999999999607	-2.2352373605232674	0.8120455737011589	-1.4231917868221087
0.5099999999999602	-2.241837690617871	0.8186458802105544	-1.4231918104073167
0.5149999999999596	-2.247741552959336	0.8245497393524813	-1.4231918136068549
0.519999999999959	-2.2515627159513003	0.8283708606349386	-1.423191855316362
0.5249999999999585	-2.2522025071342746	0.8290106463135275	-1.4231918608207474
0.529999999999958	-2.2494304770500277	0.8262386347611419	-1.4231918422888856
0.5349999999999574	-2.2441273732454796	0.8209355898068068	-1.4231917834386727
0.5399999999999568	-2.238010863766441	0.8148191157955182	-1.4231917479709226
0.5449999999999563	-2.2329293339664456	0.8097375991336139	-1.4231917348328316
0.5499999999999557	-2.2300694013430533	0.8068776664283506	-1.4231917349147027
0.5549999999999552	-2.2295687964552284	0.8063770285714839	-1.4231917678837445
0.5599999999999546	-2.2307376446666747	0.8075458508976874	-1.423191793768987
0.5649999999999541	-2.232651938288564	0.8094601253800859	-1.4231918129084784
0.5699999999999535	-2.234644329424506	0.8114524985753923	-1.4231918308491138
0.574999999999953	-2.2364626006432675	0.8132707757648011	-1.4231918248784665
0.5799999999999524	-2.2381979527351494	0.8150061309007636	-1.4231918218343862
0.5849999999999519	-2.2401634444336462	0.8169716275911462	-1.4231918168425
0.5899999999999513	-2.2427510036395573	0.8195591649045595	-1.423191838734998
0.5949999999999508	-2.24618776603174	0.8229959225643663	-1.4231918434673743
0.5999999999999502	-2.250222866095187	0.8270310022053531	-1.4231918638898342
0.6049999999999497	-2.253965690655964	0.8307737940486934	-1.4231918966072703
0.6099999999999491	-2.2561204827448806	0.8329285655542674	-1.4231919171906133
0.6149999999999486	-2.2555359435432956	0.8323440027796193	-1.4231919407636764
0.619999999999948	-2.2517109448700587	0.8285190248905414	-1.423191919979517
0.6249999999999475	-2.2450971619566973	0.821905254995441	-1.4231919069612562
0.6299999999999469	-2.23722383761832	0.8140319888617772	-1.423191848756543
0.6349999999999464	-2.230581632858166	0.8073898339261223	-1.4231917989320437
0.6399999999999458	-2.2280589800602213	0.8048672441375707	-1.4231917359226502
0.6449999999999453	-2.2319594336334885	0.8087677315808678	-1.4231917020526208
0.6499999999999447	-2.2430569664679987	0.8198652433176487	-1.4231917231503501
0.6549999999999442	-2.260237870645024	0.837046085442785	-1.423191785202239
0.6599999999999436	-2.280948558479736	0.8577566776967666	-1.4231918807829695
0.6649999999999431	-2.30206956154836	0.8788776357087307	-1.4231919258396297
0.6699999999999425	-2.3207361402667583	0.8975441704927445	-1.4231919697740139
0.674999999999942	-2.334847995653403	0.9116560077263516	-1.4231919879270516
0.6799999999999414	-2.343224954438324	0.9200329391060486	-1.4231920153322755
0.6849999999999409	-2.3455086504644806	0.9223166385902813	-1.4231920118741994
0.6899999999999403	-2.3419194571507362	0.9187274722820227	-1.4231919848687136
0.6949999999999398	-2.3329861275225796	0.9097941634579577	-1.423191964064622
0.6999999999999392	-2.319351367476388	0.8961594191571075	-1.423191948319281
0.7049999999999387	-2.3017778492586505	0.878585903253939	-1.423191946004711
0.7099999999999381	-2.2813662162418877	0.8581743115699355	-1.4231919046719526
0.7149999999999376	-2.2597836901641055	0.8365918353738339	-1.4231918547902718
0.719999999999937	-2.2392250001943554	0.8160331892824476	-1.423191810911908
0.7249999999999365	-2.221938248851258	0.7987465075492141	-1.4231917413020443
0.7299999999999359	-2.20955126154829	0.7863595274303203	-1.4231917341179696
0.7349999999999354	-2.202756638385034	0.7795648927197425	-1.4231917456652916
0.7399999999999348	-2.2015992879995436	0.7784075459208026	-1.4231917420787408
0.7449999999999343	-2.2060081158726295	0.7828163636168023	-1.423191752255827
0.7499999999999337	-2.2159054337271273	0.7927136594709369	-1.4231917742561904
0.7549999999999332	-2.2306513989338876	0.8074595837248532	-1.4231918152090344
0.7599999999999326	-2.2484236119665932	0.8252317172183388	-1.4231918947482547
0.7649999999999321	-2.266396645389286	0.8432046756050952	-1.4231919697841908
0.7699999999999315	-2.2817665247516024	0.8585745427538392	-1.4231919819977634
0.774999999999931	-2.292774031007008	0.8695820574102249	-1.4231919735967835
0.7799999999999304	-2.2990792562620284	0.8758873079041463	-1.423191948357882
0.7849999999999299	-2.3014862094542536	0.8782942897529789	-1.4231919197012746
0.7899999999999293	-2.3013296947245845	0.8781378180208409	-1.4231918767037433
0.7949999999999288	-2.2998920397251705	0.8767001838195047	-1.4231918559056658
0.7999999999999282	-2.298030959864233	0.8748391247022558	-1.423191835161977
0.8049999999999277	-2.296101095792819	0.8729092586362651	-1.423191837156554
0.8099999999999271	-2.2940734904632234	0.8708816658616211	-1.4231918246016022
0.8149999999999266	-2.2917476269585824	0.86855579793028	-1.4231918290283025
0.819999999999926	-2.2889704835695652	0.865778674769642	-1.4231918087999234
0.8249999999999255	-2.2857359277092986	0.8625441403825795	-1.4231917873267192
0.8299999999999249	-2.2820949730752447	0.8589031685659176	-1.4231918045093273
0.8349999999999244	-2.2778917299136285	0.8546999172882174	-1.4231918126254113
0.8399999999999238	-2.272609809189984	0.8494179639623478	-1.4231918452276364
0.8449999999999233	-2.2655011140134618	0.842309265190184	-1.4231918488232775
0.8499999999999227	-2.255968733845741	0.8327768634489126	-1.4231918703968285
0.8549999999999222	-2.2439027650527312	0.8207108976184944	-1.4231918674342368
0.8599999999999216	-2.2297942178868477	0.8066023805386198	-1.4231918373482282
0.864999999999921	-2.2146213466303086	0.7914295395457748	-1.423191807084534
0.8699999999999205	-2.199672782483269	0.7764810027998225	-1.4231917796834466
0.87499999999992	-2.1864074488598044	0.7632156941511884	-1.4231917547086157
0.8799999999999194	-2.176379633287857	0.7531879168001844	-1.4231917164876728
0.8849999999999189	-2.1711060395883375	0.7479143395606472	-1.4231917000276906
0.8899999999999183	-2.171737591968438	0.7485458862433748	-1.4231917057250631
0.8949999999999178	-2.178607377118613	0.7554156511520751	-1.423191725966538
0.8999999999999172	-2.190927316818262	0.7677355641877415	-1.4231917526305204
0.9049999999999166	-2.206907909936285	0.7837160729896272	-1.423191836946658
0.9099999999999161	-2.22431220679293	0.8011203173030514	-1.4231918894898785
0.9149999999999155	-2.241129586913689	0.8179376566624599	-1.4231919302512295
0.919999999999915	-2.256072081978208	0.8328801357787661	-1.4231919461994413
0.9249999999999144	-2.2687508818623847	0.8455589516174901	-1.423191930244895
0.9299999999999139	-2.2795264138536435	0.8563345050312785	-1.423191908822365
0.9349999999999133	-2.289068822085616	0.8658769025970001	-1.4231919194886153
0.9399999999999128	-2.2977993604758105	0.8746074347061856	-1.423191925769625
0.9449999999999122	-2.3055148480787353	0.882322947394255	-1.4231919006844802
0.9499999999999117	-2.3114196275948165	0.8882277042608269	-1.4231919233339898
0.9549999999999111	-2.31447284575519	0.8912809126566988	-1.4231919330984915
0.9599999999999106	-2.313783648009873	0.8905916706492407	-1.4231919773606319
0.96499999999991	-2.3088747451159053	0.8856827606214935	-1.4231919844944116
0.9699999999999095	-2.299851309469557	0.8766593424525152	-1.4231919670170419
0.9749999999999089	-2.2875300618344436	0.8643381423793314	-1.4231919194551126
0.9799999999999084	-2.273531670066741	0.8503398074633834	-1.4231918626033575
0.9849999999999078	-2.260269490381996	0.8370777222754588	-1.4231917681065371
0.9899999999999073	-2.2506385252525387	0.8274468504951011	-1.4231916747574376
0.9949999999999067	-2.247185967342647	0.8239943094578203	-1.4231916578848265
0.9999999999999062	-2.2509582298613027	0.8277665292327308	-1.423191700628572
1.0049999999999057	-2.260816925110672	0.837625145257196	-1.4231917798534754
1.0099999999999052	-2.273886574624686	0.8506947165268487	-1.4231918580978373
1.0149999999999046	-2.28683822740443	0.8636463133725181	-1.4231919140319118
1.019999999999904	-2.2970578803110855	0.8738659119665383	-1.4231919683445475
1.0249999999999035	-2.3031696462273152	0.8799776840225867	-1.4231919622047287
1.029999999999903	-2.3050054870174366	0.8818135720723117	-1.4231919149451246
1.0349999999999024	-2.3032986236900315	0.8801067572740382	-1.4231918664159933
1.039999999999902	-2.2992368900584186	0.8760450458405926	-1.4231918442178262
1.0449999999999013	-2.2940175626223027	0.8708257491858692	-1.4231918134364339
1.0499999999999008	-2.2884713219660666	0.8652795252681597	-1.423191796697907
1.0549999999999002	-2.2828628298180336	0.8596710379262166	-1.4231917918918169
1.0599999999998997	-2.2769183870994922	0.8537265769631852	-1.423191810136307
1.0649999999998991	-2.2700212720034028	0.8468294515972645	-1.4231918204061385
1.0699999999998986	-2.2615086175526873	0.8383168112704528	-1.4231918062822344
1.074999999999898	-2.2509739427158757	0.8277821423420585	-1.4231918003738173
1.0799999999998975	-2.2384866331015645	0.8152948437678476	-1.423191789333717
1.084999999999897	-2.2246971380079277	0.8015053873926741	-1.4231917506152536
1.0899999999998964	-2.2107180237271287	0.7875262878499227	-1.4231917358772064
1.0949999999998958	-2.197808605162081	0.7746169046831666	-1.4231917004789147
1.0999999999998953	-2.1869508596263203	0.7637591526043169	-1.4231917070220033
1.1049999999998947	-2.178556376586595	0.7553646735627211	-1.423191703023874
1.1099999999998942	-2.172485326362181	0.7492935919459282	-1.4231917344162528
1.1149999999998936	-2.1683797091015093	0.7451879761065686	-1.4231917329949408
1.119999999999893	-2.1660830624916545	0.7428913495528949	-1.4231917129387597
1.1249999999998925	-2.165910252254969	0.7427185489593907	-1.4231917032955783
1.129999999999892	-2.1686422251108546	0.7454505564427377	-1.4231916686681172
1.1349999999998914	-2.175280205964739	0.75208857177223	-1.423191634192509
1.1399999999998909	-2.1866002329925407	0.7634086140520031	-1.4231916189405376
1.1449999999998903	-2.2026456795800184	0.7794540282512876	-1.4231916513287308
1.1499999999998898	-2.222373012106965	0.7991813051672766	-1.4231917069396882
1.1549999999998892	-2.243675285241781	0.8204835160633628	-1.4231917691784184
1.1599999999998887	-2.2638380128820383	0.8406461530975785	-1.4231918597844595
1.1649999999998881	-2.2801834889683374	0.856991575886797	-1.4231919130815405
1.1699999999998876	-2.2905746159164964	0.8673826835046218	-1.4231919324118747
1.174999999999887	-2.29368046402565	0.8704885160976025	-1.4231919479280477
1.1799999999998865	-2.2890721156083704	0.8658801524241438	-1.4231919631842265
1.184999999999886	-2.2772744378244916	0.8540825125618352	-1.4231919252626566
1.1899999999998854	-2.2598298552814993	0.8366379918726514	-1.4231918634088478
1.1949999999998848	-2.239316771071239	0.8161249979989358	-1.4231917730723032
1.1999999999998843	-2.219134924159299	0.7959432351606052	-1.4231916889986937
1.2049999999998837	-2.202961908723714	0.7797703002320776	-1.4231916084916363
1.2099999999998832	-2.1938950864055147	0.770703493685064	-1.4231915927204506
1.2149999999998826	-2.193612017086277	0.7704204125793258	-1.4231916045069517
1.219999999999882	-2.2019811706950647	0.7787895371464244	-1.4231916335486403
1.2249999999998815	-2.2172948173872316	0.794103109312786	-1.4231917080744454
1.229999999999881	-2.2369145853484524	0.81372280949506	-1.4231917758533923
1.2349999999998804	-2.257911112531508	0.8347192841279617	-1.4231918284035465
1.2399999999998799	-2.2775035590526285	0.8543116782391952	-1.4231918808134332
1.2449999999998793	-2.2932858974311854	0.8700939718883588	-1.4231919255428267
1.2499999999998788	-2.3033291061488708	0.8801371265103102	-1.4231919796385604
1.2549999999998782	-2.3062777767971245	0.8830857909390712	-1.4231919858580533
1.2599999999998777	-2.3014432705782886	0.8782512800496376	-1.423191990528651
1.2649999999998771	-2.2889382303298844	0.8657462402204746	-1.4231919901094097
1.2699999999998766	-2.269812946340326	0.8466210114162784	-1.4231919349240474
1.274999999999876	-2.2461700044335773	0.8229781208432827	-1.4231918835902946
1.2799999999998755	-2.2211331607438467	0.797941388787534	-1.4231917719563125
1.284999999999875	-2.1985455564808976	0.7753538863898664	-1.4231916700910312
1.2899999999998744	-2.182310986703596	0.7591193960292039	-1.4231915906743922
1.2949999999998738	-2.1754642920320064	0.7522727285748223	-1.423191563457184
1.2999999999998733	-2.179305232521157	0.7561136576896936	-1.4231915748314632
1.3049999999998727	-2.1930036113760814	0.7698119566553792	-1.4231916547207024
1.3099999999998722	-2.2138669606173367	0.7906752082612004	-1.4231917523561362
1.3149999999998716	-2.2381760800480404	0.8149842270490801	-1.42319185299896
1.319999999999871	-2.262185354504874	0.8389934267209038	-1.4231919277839706
1.3249999999998705	-2.2829394786302073	0.8597475195120404	-1.423191959118167
1.32999999999987	-2.298676235413997	0.875484265819012	-1.4231919695949853
1.3349999999998694	-2.308800961634798	0.8856089956653743	-1.4231919659694239
1.3399999999998689	-2.313550293679659	0.8903583624234775	-1.4231919312561814
1.3449999999998683	-2.3135893335263855	0.8903974012302689	-1.4231919322961166
1.3499999999998678	-2.3097030799855016	0.8865111672578918	-1.4231919127276098
1.3549999999998672	-2.3026133775164794	0.8794214713738718	-1.4231919061426077
1.3599999999998666	-2.292867969130982	0.8696760585691691	-1.423191910561813
1.364999999999866	-2.2808215314907203	0.8576296270131795	-1.423191904477541
1.3699999999998655	-2.2667739389557675	0.8435820676548825	-1.4231918713008849
1.374999999999865	-2.2512638561755325	0.8280720114501802	-1.4231918447253527
1.3799999999998644	-2.2353617991045214	0.812169998483254	-1.4231918006212672
1.384999999999864	-2.2207069222448346	0.7975151648718491	-1.4231917573729853
1.3899999999998633	-2.209128227496818	0.7859364732300642	-1.4231917542667538
1.3949999999998628	-2.2018717549280424	0.7786799999675138	-1.4231917549605289
1.3999999999998622	-2.198861177646526	0.7756693721251299	-1.423191805521396
1.4049999999998617	-2.1984993151404133	0.7753074398080692	-1.423191875332344
1.4099999999998611	-2.1982991540406833	0.7751071936953092	-1.4231919603453742
1.4149999999998606	-2.195995417294037	0.7728034480095087	-1.423191969284528
1.41999999999986	-2.1905324641758828	0.7673405106663309	-1.4231919535095523
1.4249999999998595	-2.182513943599489	0.7593220310865135	-1.4231919125129753
1.429999999999859	-2.174001614264014	0.7508097709751841	-1.4231918432888295
1.4349999999998584	-2.167728089546384	0.7445363027257563	-1.4231917868206272
1.4399999999998578	-2.1660205365844134	0.7428287694154818	-1.4231917671689316
1.4449999999998573	-2.169967464561732	0.746775700803855	-1.4231917637578773
1.4499999999998567	-2.1792534011335216	0.7560616095032632	-1.4231917916302586
1.4549999999998562	-2.1926013187365196	0.7694094955172838	-1.4231918232192355
1.4599999999998556	-2.20837928902278	0.7851874242093865	-1.4231918648133932
1.464999999999855	-2.2250423003416646	0.8018503911374925	-1.423191909204172
1.4699999999998545	-2.2413296035295294	0.8181376787977586	-1.4231919247317706
1.474999999999854	-2.2562568107916237	0.8330648605920042	-1.423191950199619
1.4799999999998534	-2.268987567488563	0.8457956031431977	-1.423191964345365
1.4849999999998529	-2.278678941135807	0.8554869746666262	-1.4231919664691803
1.4899999999998523	-2.284441726671486	0.8612497340343853	-1.4231919926371004
1.4949999999998518	-2.28545445400388	0.862262441559175	-1.4231920124447048
1.4999999999998512	-2.2812492353692546	0.8580572293198897	-1.423192006049365
1.5049999999998507	-2.2720359956821654	0.8488440296141023	-1.4231919660680632
1.5099999999998501	-2.258966867157966	0.8357749561537002	-1.4231919110042657
1.5149999999998496	-2.2442552779333513	0.8210634408939417	-1.4231918370394094
1.519999999999849	-2.231087946538359	0.8078961911910124	-1.4231917553473463
1.5249999999998485	-2.2230592496932275	0.7998675657058467	-1.423191683987381
1.529999999999848	-2.222941534837424	0.7997498626045219	-1.423191672232902
1.5349999999998474	-2.23124708030172	0.8080553431638395	-1.4231917371378804
1.5399999999998468	-2.245747914472205	0.8225560735467252	-1.4231918409254798
1.5449999999998463	-2.2625313215650174	0.8393393704917732	-1.4231919510732438
1.5499999999998457	-2.2777427312944214	0.8545507434423123	-1.4231919878521089
1.5549999999998452	-2.2887831006929216	0.8655911079415172	-1.4231919927514043
1.5599999999998446	-2.294597151617589	0.8714051771431993	-1.4231919744743897
1.564999999999844	-2.295407994531434	0.8722160505983152	-1.4231919439331187
1.5699999999998435	-2.292284945945339	0.8690930576602951	-1.4231918882850436
1.574999999999843	-2.2867097065703628	0.8635178775737181	-1.423191828996645
1.5799999999998424	-2.2801787666023112	0.8569869746506831	-1.423191791951628
1.5849999999998419	-2.273832443266005	0.8506406438058762	-1.4231917994601286
1.5899999999998413	-2.2681934016474434	0.8450015788835259	-1.4231918227639175
1.5949999999998408	-2.263145388623221	0.839953542988166	-1.423191845635055
1.5999999999998402	-2.258181642905304	0.8349898008543177	-1.4231918420509861
1.6049999999998397	-2.252774157749176	0.8295822901520912	-1.423191867597085
1.6099999999998391	-2.24671605990853	0.8235241909988769	-1.4231918689096528
1.6149999999998386	-2.2402541721608857	0.8170623125315326	-1.4231918596293531
1.619999999999838	-2.234033158651232	0.8108413149320794	-1.4231918437191524
1.6249999999998375	-2.228893275457526	0.8057014535910848	-1.4231918218664412
1.629999999999837	-2.225640851025257	0.8024490660063242	-1.423191785018933
1.6349999999998364	-2.224859633836218	0.8016678464875837	-1.4231917873486344
1.6399999999998358	-2.226818043305933	0.8036262420254147	-1.423191801280518
1.6449999999998353	-2.231449070347767	0.8082572685285088	-1.4231918018192584
1.6499999999998347	-2.2383687874429197	0.8151769634734022	-1.4231918239695176
1.6549999999998342	-2.2469381918423443	0.8237463328902191	-1.423191858952125
1.6599999999998336	-2.2563516851689296	0.8331598160263173	-1.4231918691426122
1.664999999999833	-2.265760819042044	0.8425689162674219	-1.423191902774622
1.6699999999998325	-2.2743987610310374	0.8512068487938851	-1.4231919122371521
1.674999999999832	-2.28170101221007	0.8585090805392211	-1.423191931670849
1.6799999999998314	-2.2873463073985016	0.8641543903006184	-1.4231919170978833
1.6849999999998309	-2.2912310381603995	0.8680391370530499	-1.4231919011073495
1.6899999999998303	-2.2933774526371837	0.8701855452832238	-1.4231919073539598
1.6949999999998298	-2.2938199865349858	0.8706280872329601	-1.4231918993020258
1.6999999999998292	-2.2925729577508265	0.8693810597296112	-1.4231918980212155
1.7049999999998287	-2.2897608977016843	0.8665690316006085	-1.4231918661010758
1.709999999999828	-2.2859201824580855	0.8627283074982395	-1.4231918749598458
1.7149999999998276	-2.282268284450605	0.8590764482490921	-1.423191836201513
1.719999999999827	-2.2806047386356507	0.8574129433428014	-1.4231917952928494
1.7249999999998264	-2.282588860191224	0.8593970826574355	-1.4231917775337886
1.729999999999826	-2.288774714438699	0.8655829089910556	-1.4231918054476431
1.7349999999998253	-2.2982355893034607	0.8750437290358921	-1.4231918602675682
1.7399999999998248	-2.309114982919473	0.8859230685710864	-1.4231919143483867
1.7449999999998242	-2.319581136043324	0.8963892053180197	-1.4231919307253045
1.7499999999998237	-2.328450271137261	0.9052583250268961	-1.423191946110365
1.7549999999998231	-2.33526959133704	0.9120776631656292	-1.4231919281714107
1.7599999999998226	-2.340067063919506	0.9168751577090611	-1.4231919062104448
1.764999999999822	-2.3430533656621164	0.9198614875209381	-1.4231918781411783
1.7699999999998215	-2.3444209197075314	0.921229053104565	-1.4231918666029666
1.774999999999821	-2.3442664300819676	0.9210745326598431	-1.4231918974221245
1.7799999999998204	-2.3425866449687773	0.9193947321813277	-1.4231919127874493
1.7849999999998198	-2.3392799207605512	0.9160880034780969	-1.423191917282454
1.7899999999998193	-2.3341732601823777	0.9109813190486774	-1.4231919411337004
1.7949999999998187	-2.327037241752586	0.9038452822020921	-1.423191959550494
1.7999999999998182	-2.317606515642921	0.8944145432922724	-1.4231919723506485
1.8049999999998176	-2.3056371799823565	0.8824452109819579	-1.4231919690003985
1.809999999999817	-2.2910107365070598	0.8678187784831438	-1.4231919580239163
1.8149999999998165	-2.2739721899489598	0.8507802579738114	-1.4231919319751483
1.819999999999816	-2.255394257700095	0.8322023605919877	-1.4231918971081075
1.8249999999998154	-2.2368408379182605	0.8136489860301407	-1.42319185188812
1.8299999999998149	-2.2201957014641818	0.7970038827075744	-1.4231918187566073
1.8349999999998143	-2.2069842477217794	0.783792437781187	-1.4231918099405925
1.8399999999998138	-2.197897198983013	0.7747053913583442	-1.4231918076246688
1.8449999999998132	-2.192771701512313	0.7695798669751389	-1.4231918345371743
1.8499999999998127	-2.1908013921284724	0.7676095241646891	-1.4231918679637832
1.8549999999998121	-2.190791476021077	0.7675995673474222	-1.4231919086736549
1.8599999999998116	-2.191472904860187	0.7682809787311675	-1.4231919261290193
1.864999999999811	-2.1918388842755347	0.7686469615907688	-1.4231919226847658
1.8699999999998105	-2.191367842614857	0.7681759247576704	-1.4231919178571866
1.87499999999981	-2.1901235158996006	0.7669316160911525	-1.4231918998084478
1.8799999999998094	-2.1887710104828115	0.7655791558898101	-1.4231918545930011
1.8849999999998088	-2.188493473329934	0.7653016464811294	-1.4231918268488044
1.8899999999998083	-2.190712566139402	0.7675207803077936	-1.4231917858316083
1.8949999999998077	-2.1966203371756343	0.7734285635618537	-1.423191773613781
1.8999999999998072	-2.2066667705160583	0.7834749747530104	-1.423191795763048
1.9049999999998066	-2.2202814040289356	0.797089566031016	-1.4231918379979194
1.909999999999806	-2.2360146063889017	0.8128227272759757	-1.423191879112926
1.9149999999998055	-2.2520253692727636	0.8288334469981201	-1.4231919222746432
1.919999999999805	-2.266642308295736	0.843450362542495	-1.4231919457532411
1.9249999999998044	-2.2787529394276125	0.8555609776805757	-1.4231919617470368
1.9299999999998039	-2.2879163847573225	0.8647244398694687	-1.4231919448878536
1.9349999999998033	-2.2941884688537266	0.8709965367069595	-1.4231919321467672
1.9399999999998028	-2.2978131577092875	0.8746212529442632	-1.4231919047650246
1.9449999999998022	-2.2989145884397986	0.875722671338168	-1.4231919171016307
1.9499999999998017	-2.297347448870302	0.8741554941486561	-1.4231919547216458
1.9549999999998011	-2.2927216464516884	0.8695297159850027	-1.423191930466686
1.9599999999998006	-2.284604558686682	0.8614126200921176	-1.4231919385945644
1.9649999999998	-2.2728340021771345	0.8496420648811706	-1.423191937295964
1.9699999999997995	-2.257890915628837	0.8346990205115297	-1.423191895117307
1.974999999999799	-2.2412276217678975	0.8180357654133691	-1.423191856354528
1.9799999999997984	-2.2253301108010035	0.8021383325811022	-1.4231917782199013
1.9849999999997978	-2.213273406065726	0.7900816997103628	-1.4231917063553636
1.9899999999997973	-2.20757067071608	0.7843789371343327	-1.4231917335817474
1.9949999999997967	-2.2088439838971845	0.7856522249190072	-1.4231917589781773
1.9999999999997962	-2.215340703837103	0.7921488588094795	-1.4231918450276237
2.0049999999998067	-2.223762068081094	0.8005701467203977	-1.423191921360696
2.0099999999998173	-2.2307234629399133	0.8075314683375098	-1.4231919946024036
2.014999999999828	-2.233862982663084	0.8106709682439139	-1.42319201441917
2.0199999999998384	-2.2322196904413723	0.8090276620921232	-1.4231920283492492
2.024999999999849	-2.2261017967163856	0.8029098014200698	-1.4231919952963157
2.0299999999998595	-2.216746320636335	0.7935543687274647	-1.42319195190887
2.03499999999987	-2.205993470584328	0.7828015941723924	-1.4231918764119353
2.0399999999998806	-2.1960164970013447	0.7728246571948496	-1.4231918398064949
2.044999999999891	-2.1891022952346297	0.7659105035484991	-1.4231917916861305
2.0499999999999017	-2.1873389651270885	0.7641472051074074	-1.423191760019681
2.0549999999999122	-2.192148141698515	0.7689563753961093	-1.4231917663024058
2.059999999999923	-2.203720894753163	0.78052910102978	-1.423191793723383
2.0649999999999333	-2.2207272081256404	0.7975353506331656	-1.423191857492475
2.069999999999944	-2.240649546347857	0.8174576144330915	-1.423191931914766
2.0749999999999544	-2.260589392513356	0.8373974096059608	-1.4231919829073951
2.079999999999965	-2.2781315782929537	0.8549395517167675	-1.4231920265761864
2.0849999999999755	-2.291809428328942	0.8686173947054343	-1.4231920336235075
2.089999999999986	-2.3010993846050187	0.8779073589996185	-1.4231920256054005
2.0949999999999966	-2.3060876050693677	0.8828955763420823	-1.4231920287272855
2.100000000000007	-2.3069925951913066	0.883800543434706	-1.4231920517566004
2.1050000000000177	-2.303756549717376	0.8805644891742581	-1.4231920605431179
2.1100000000000283	-2.2958847277392906	0.8726926228122741	-1.4231921049270164
2.115000000000039	-2.282717626044234	0.8595254674816328	-1.4231921585626015
2.1200000000000494	-2.2641709334942286	0.8409787849902267	-1.4231921485040018
2.12500000000006	-2.241717899321972	0.8185258474345365	-1.423192051887436
2.1300000000000705	-2.21886727445799	0.7956753246121783	-1.423191949845812
2.135000000000081	-2.200123438250332	0.7769315765994542	-1.4231918616508779
2.1400000000000916	-2.188637240040983	0.7654453843635438	-1.4231918556774394
2.145000000000102	-2.1846486062880657	0.761456693078411	-1.4231919132096547
2.1500000000001127	-2.1863484646691758	0.7631565085973865	-1.4231919560717892
2.1550000000001233	-2.1918232255276595	0.7686312394570295	-1.4231919860706301
2.160000000000134	-2.2000070918142565	0.7768150786475064	-1.4231920131667501
2.1650000000001444	-2.2103629082269034	0.787170916451617	-1.4231919917752864
2.170000000000155	-2.2222836007405804	0.7990916035784466	-1.4231919971621338
2.1750000000001655	-2.2347445082583364	0.8115524940603543	-1.423192014197982
2.180000000000176	-2.2462956092917548	0.8231035607111449	-1.4231920485806098
2.1850000000001866	-2.255218156282383	0.8320260688872314	-1.423192087395152
2.190000000000197	-2.259829922008912	0.8366377935445994	-1.4231921284643123
2.1950000000002077	-2.2588653678289705	0.8356732249051382	-1.4231921429238323
2.2000000000002182	-2.2518322406940956	0.8286401071559741	-1.4231921335381212
2.2050000000002288	-2.2392460573328368	0.8160539894331985	-1.423192067899638
2.2100000000002393	-2.222666788292521	0.7994747940939315	-1.4231919941985893
2.21500000000025	-2.2045464812704085	0.7813545665025174	-1.423191914767891
2.2200000000002604	-2.187877330389833	0.7646854811876687	-1.4231918492021647
2.225000000000271	-2.175644820006164	0.7524530527620186	-1.4231917672441454
2.2300000000002815	-2.1701421365138147	0.7469504124149586	-1.4231917240988559
2.235000000000292	-2.172326027293401	0.7491342868165581	-1.4231917404768426
2.2400000000003026	-2.1816090447043996	0.7584172624134475	-1.4231917822909521
2.245000000000313	-2.1962027118402476	0.7730108889324643	-1.4231918229077831
2.2500000000003237	-2.2138075653029	0.7906156941721355	-1.4231918711307645
2.2550000000003343	-2.2321958868845213	0.8090039897427219	-1.4231918971417996
2.260000000000345	-2.2494985903264153	0.826306670825548	-1.4231919195008675
2.2650000000003554	-2.264258329017901	0.8410664030678231	-1.4231919259500776
2.270000000000366	-2.2754507056133475	0.8522587575697362	-1.4231919480436113
2.2750000000003765	-2.282506159289002	0.8593141907530021	-1.4231919685360004
2.280000000000387	-2.2853332289110666	0.8621412833930843	-1.423191945517982
2.2850000000003976	-2.2842815642673298	0.861089640485637	-1.423191923781693
2.290000000000408	-2.2800748991061965	0.8568830095945547	-1.423191889511642
2.2950000000004187	-2.2736559621588674	0.8504641018581657	-1.4231918603007017
2.3000000000004293	-2.266007088399796	0.8428152804125727	-1.4231918079872232
2.30500000000044	-2.2579719851019697	0.8347801860792338	-1.423191799022736
2.3100000000004504	-2.2501850876291423	0.8269932911660927	-1.4231917964630498
2.315000000000461	-2.243164962112007	0.8199731866329664	-1.4231917754790409
2.3200000000004715	-2.2375119748764205	0.814320198895231	-1.4231917759811892
2.325000000000482	-2.234037428899338	0.8108456823524341	-1.4231917465469042
2.3300000000004926	-2.2336813711923056	0.8104896451024086	-1.423191726089897
2.335000000000503	-2.2371566051449294	0.8139648672165039	-1.4231917379284256
2.3400000000005137	-2.2445535346770544	0.8213617680021348	-1.42319176667492
2.345000000000524	-2.2552248534660837	0.8320330538744751	-1.4231917995916086
2.3500000000005348	-2.268022190717648	0.8448303758458596	-1.4231918148717886
2.3550000000005453	-2.281622231565273	0.8584303718092157	-1.4231918597560576
2.360000000000556	-2.2946902799888793	0.871498380545166	-1.4231918994437134
2.3650000000005664	-2.305893021348106	0.8827010863620046	-1.4231919349861013
2.370000000000577	-2.313991788507625	0.8907998509041526	-1.4231919376034727
2.3750000000005875	-2.3180684646628076	0.8948765384941885	-1.423191926168619
2.380000000000598	-2.3177624595318425	0.8945705694117109	-1.4231918901201317
2.3850000000006086	-2.3133919964691687	0.8902001229282771	-1.4231918735408917
2.390000000000619	-2.30588358901065	0.882691755356267	-1.4231918336543834
2.3950000000006297	-2.296591471246862	0.8733996687382282	-1.4231918025086336
2.4000000000006403	-2.287060857294943	0.8638690639577626	-1.4231917933371805
2.405000000000651	-2.27881994386589	0.8556281783904944	-1.4231917654753954
2.4100000000006614	-2.2731818446248293	0.8499901073122058	-1.4231917373126237
2.415000000000672	-2.2711104823737687	0.8479187412207868	-1.4231917411529822
2.4200000000006825	-2.273077380092998	0.8498856382692643	-1.4231917418237339
2.425000000000693	-2.278945026504255	0.855753262779605	-1.4231917637246503
2.4300000000007036	-2.2879048666373465	0.8647130501939106	-1.4231918164434358
2.435000000000714	-2.2985900079292576	0.8753981516104504	-1.423191856318807
2.4400000000007247	-2.3093944234678614	0.8862025396053541	-1.4231918838625075
2.4450000000007353	-2.3188831653491615	0.8956912692923471	-1.423191896056814
2.450000000000746	-2.326132479041308	0.9029406168863555	-1.4231918621549522
2.4550000000007564	-2.33085083192211	0.9076589612346893	-1.4231918706874211
2.460000000000767	-2.3332833950977654	0.9100915361619231	-1.4231918589358423
2.4650000000007775	-2.334006714701041	0.9108148237474936	-1.4231918909535475
2.470000000000788	-2.333691526633949	0.9104996498117468	-1.4231918768222023
2.4750000000007986	-2.332924517223142	0.9097326277669222	-1.4231918894562197
2.480000000000809	-2.3321598407061033	0.9089679697352111	-1.4231918709708922
2.4850000000008197	-2.331733462211032	0.908541593440334	-1.423191868770698
2.49000000000083	-2.3318707249015738	0.9086788635146018	-1.423191861386972
2.4950000000008408	-2.3326573992089665	0.9094655405959148	-1.4231918586130519
2.5000000000008513	-2.3339909905245597	0.9107991446387078	-1.423191845885852
2.505000000000862	-2.335574879842997	0.9123830412101944	-1.4231918386328026
2.5100000000008724	-2.33698991001943	0.9137980626844349	-1.4231918473349952
2.515000000000883	-2.3378495254144878	0.9146576894222683	-1.4231918359922195
2.5200000000008935	-2.337928753111589	0.9147369087461573	-1.4231918443654314
2.525000000000904	-2.3371800341884215	0.9139882070558977	-1.4231918271325237
2.5300000000009146	-2.3356434563004997	0.9124516360702402	-1.4231918202302594
2.535000000000925	-2.3333010788438706	0.9101092548376043	-1.4231918240062662
2.5400000000009357	-2.3299714671302674	0.9067796254551658	-1.4231918416751015
2.5450000000009463	-2.3253199298125384	0.9021280809870015	-1.423191848825537
2.550000000000957	-2.3189363628423685	0.8957444895798765	-1.4231918732624922
2.5550000000009674	-2.31043123343316	0.8872393506307238	-1.4231918828024361
2.560000000000978	-2.2995196353102787	0.8763277460838027	-1.4231918892264759
2.5650000000009885	-2.2860982662647387	0.8629063778609647	-1.4231918884037738
2.570000000000999	-2.2703351279600277	0.8471432499521435	-1.4231918780078843
2.5750000000010096	-2.2527537829434716	0.8295619263899234	-1.423191856553548
2.58000000000102	-2.234264258550466	0.8110724376737848	-1.4231918208766807
2.5850000000010307	-2.216133310552394	0.7929415097643043	-1.42319180078809
2.5900000000010412	-2.199942868984491	0.7767511058930474	-1.423191763091444
2.595000000001052	-2.187515361550966	0.7643236298610241	-1.4231917316899416
2.6000000000010624	-2.1806330416610256	0.7574413195767723	-1.4231917220842536
2.605000000001073	-2.1803061788374207	0.7571144415866111	-1.4231917372508098
2.6100000000010835	-2.185966468006206	0.7627746639753061	-1.4231918040308997
2.615000000001094	-2.1954559400654734	0.7722640593784608	-1.4231918806870123
2.6200000000011046	-2.2060678814641714	0.782875971504109	-1.4231919099600625
2.625000000001115	-2.215823203419197	0.7926312696683087	-1.4231919337508883
2.6300000000011257	-2.2240498035071727	0.8008578973844324	-1.4231919061227405
2.635000000001136	-2.231089472131148	0.8078975920806406	-1.4231918800505072
2.6400000000011468	-2.2375687290723794	0.814376857648347	-1.4231918714240321
2.6450000000011573	-2.2437906577412736	0.8205987836909658	-1.4231918740503078
2.650000000001168	-2.249584404822186	0.8263925216112143	-1.4231918832109716
2.6550000000011784	-2.254592247665187	0.8314003715207657	-1.423191876144421
2.660000000001189	-2.258672399662478	0.8354805414975394	-1.4231918581649383
2.6650000000011995	-2.262120580394967	0.8389287570514701	-1.423191823343497
2.67000000000121	-2.265644408966473	0.8424526082594541	-1.4231918007070192
2.6750000000012206	-2.2701411715344437	0.8469493823041025	-1.4231917892303412
2.680000000001231	-2.276382112975551	0.853190334043803	-1.423191778931748
2.6850000000012417	-2.2847146177582927	0.8615228414113587	-1.423191776346934
2.6900000000012523	-2.294874762258633	0.8716829598683549	-1.423191802390278
2.695000000001263	-2.3060466492352667	0.8828548166584518	-1.4231918325768151
2.7000000000012734	-2.3171060324200523	0.8939141592110741	-1.4231918732089783
2.705000000001284	-2.3269300147657095	0.9037381140151161	-1.4231919007505933
2.7100000000012945	-2.3345801331445655	0.9113882243275719	-1.4231919088169938
2.715000000001305	-2.3393306298740804	0.9161387164421917	-1.4231919134318884
2.7200000000013156	-2.3405953533393	0.9174034535791528	-1.4231918997601474
2.725000000001326	-2.337950198593738	0.9147583024370165	-1.4231918961567214
2.7300000000013367	-2.3312882357847458	0.9080963455022135	-1.4231918902825322
2.7350000000013472	-2.321060434788312	0.897868580361555	-1.423191854426757
2.740000000001358	-2.3084068317323077	0.8852150142328433	-1.4231918174994644
2.7450000000013683	-2.2950272878857434	0.8718354818857321	-1.4231918060000113
2.750000000001379	-2.282775259913679	0.8595834939167711	-1.4231917659969082
2.7550000000013894	-2.2731025084699357	0.8499107553613087	-1.4231917531086271
2.7600000000014	-2.2666375347818204	0.8434457401868528	-1.4231917945949677
2.7650000000014106	-2.2631005510056355	0.8399087355216496	-1.423191815483986
2.770000000001421	-2.2616139645758038	0.8384221390596855	-1.4231918255161182
2.7750000000014317	-2.261212517027132	0.8380206739388799	-1.4231918430882522
2.780000000001442	-2.261240722022333	0.8380488848758527	-1.4231918371464802
2.7850000000014528	-2.2614493384589283	0.8382575436021681	-1.4231917948567605
2.7900000000014633	-2.261883460459946	0.8386916631305877	-1.423191797329358
2.795000000001474	-2.2627229752290647	0.839531165019652	-1.423191810209413
2.8000000000014844	-2.2641695841283953	0.8409777687101244	-1.423191815418271
2.805000000001495	-2.266384815672655	0.8431930278295714	-1.423191787843084
2.8100000000015055	-2.2694457035169653	0.8462539194031626	-1.4231917841138029
2.815000000001516	-2.2733217180233534	0.8501299299567664	-1.4231917880665872
2.8200000000015266	-2.2779379392761787	0.8547461461517625	-1.423191793124416
2.825000000001537	-2.28325527077503	0.8600635039856682	-1.4231917667893617
2.8300000000015477	-2.289251184907835	0.8660594103907924	-1.4231917745170426
2.8350000000015583	-2.295754335425988	0.8725625437113951	-1.4231917917145929
2.840000000001569	-2.3022458761778117	0.8790540405895523	-1.4231918355882596
2.8450000000015794	-2.30778261094023	0.884590723522782	-1.4231918874174483
2.85000000000159	-2.3111653563312387	0.8879734350769184	-1.42319192125432
2.8550000000016005	-2.3113408418454178	0.8881488887345452	-1.4231919531108723
2.860000000001611	-2.3077819284658894	0.8845899842313278	-1.4231919442345613
2.8650000000016216	-2.3006536462845593	0.8774617158631838	-1.4231919304213756
2.870000000001632	-2.29064377892802	0.8674518619050049	-1.4231919170230152
2.8750000000016427	-2.278631865080019	0.8554399781638357	-1.4231918869161837
2.8800000000016532	-2.26536907555474	0.8421771846460279	-1.423191890908712
2.885000000001664	-2.251375404922375	0.82818350327871	-1.4231919016436652
2.8900000000016743	-2.237118738207033	0.8139268406261864	-1.4231918975808469
2.895000000001685	-2.22335628812796	0.8001644174971984	-1.4231918706307618
2.9000000000016954	-2.2113778918547795	0.7881860752725511	-1.4231918165822288
2.905000000001706	-2.2028329050191013	0.779641124760012	-1.4231917802590892
2.9100000000017165	-2.199064532416641	0.7758727730806545	-1.4231917593359862
2.915000000001727	-2.200260901585648	0.7770691246407972	-1.423191776944851
2.9200000000017377	-2.205105334772907	0.7819135107778244	-1.4231918239950823
2.925000000001748	-2.21133886995642	0.7881469824694275	-1.4231918874869924
2.9300000000017588	-2.2168700013037106	0.7936781027783284	-1.4231918985253822
2.9350000000017693	-2.220676856382007	0.7974849640554919	-1.4231918923265152
2.94000000000178	-2.2230239471760602	0.7998320740804921	-1.4231918730955682
2.9450000000017904	-2.2249807326644673	0.8017888738752597	-1.4231918587892078
2.950000000001801	-2.227570182328625	0.8043783392724186	-1.4231918430562063
2.9550000000018115	-2.2310196399479936	0.807827755255397	-1.423191884692597
2.960000000001822	-2.234565302096291	0.8113733939116322	-1.4231919081846587
2.9650000000018326	-2.236887745199377	0.8136957962488635	-1.4231919489505136
2.970000000001843	-2.236818786283271	0.8136268375550955	-1.4231919487281752
2.9750000000018537	-2.2338654669435645	0.8106735263261551	-1.4231919406174092
2.9800000000018643	-2.2283364352276873	0.8051445157860161	-1.4231919194416711
2.985000000001875	-2.2211570643128584	0.7979651760571842	-1.4231918882556744
2.9900000000018854	-2.213559295903845	0.7903674251716309	-1.4231918707322142
2.995000000001896	-2.2067620895389233	0.7835702501063864	-1.4231918394325371
3.0000000000019065	-2.2016981325210656	0.7785062888214334	-1.4231918436996325
3.005000000001917	-2.198819253049127	0.7756274000145167	-1.4231918530346104
3.0100000000019276	-2.1980381525405748	0.7748462978663389	-1.4231918546742361
3.015000000001938	-2.198893891199217	0.7757020188039842	-1.4231918723952328
3.0200000000019487	-2.200918709177963	0.7777268243805928	-1.4231918847973701
3.0250000000019592	-2.204001878432892	0.7808100282024543	-1.423191850230438
3.03000000000197	-2.208560799027177	0.7853689550827937	-1.4231918439443834
3.0350000000019803	-2.215387512413213	0.792195687320994	-1.4231918250922189
3.040000000001991	-2.225284457811114	0.8020926575911256	-1.4231918002199888
3.0450000000020014	-2.238671421060051	0.815479621521122	-1.423191799538929
3.050000000002012	-2.2553013820888097	0.8321095667434952	-1.4231918153453145
3.0550000000020225	-2.2742284296567954	0.8510365943561127	-1.4231918353006827
3.060000000002033	-2.2940108315796084	0.8708189562963491	-1.4231918752832593
3.0650000000020436	-2.3130868448930446	0.8898949036239275	-1.423191941269117
3.070000000002054	-2.3301768864179855	0.9069849437810288	-1.4231919426369566
3.0750000000020647	-2.3445190256948867	0.9213270844413296	-1.423191941253557
3.0800000000020753	-2.3558946672463104	0.9327027096078211	-1.423191957638489
3.085000000002086	-2.3644308252647077	0.9412389091465262	-1.4231919161181816
3.0900000000020964	-2.3702997955889455	0.9471078913339475	-1.423191904254998
3.095000000002107	-2.3734976275149915	0.9503057236085811	-1.4231919039064105
3.1000000000021175	-2.3737704535986266	0.9505785094894833	-1.4231919441091432
3.105000000002128	-2.370654885204571	0.9474629222450848	-1.4231919629594865
3.1100000000021386	-2.363618569084921	0.9404266005795805	-1.4231919685053407
3.115000000002149	-2.3522478856342377	0.9290558894368813	-1.4231919961973563
3.1200000000021597	-2.336486701506297	0.9132947174969257	-1.423191984009371
3.1250000000021703	-2.31688796846814	0.8936960137924542	-1.4231919546756853
3.130000000002181	-2.2947910535207994	0.8715991428677928	-1.4231919106530069
3.1350000000021914	-2.27222391576983	0.8490320447865478	-1.4231918709832825
3.140000000002202	-2.251429753489538	0.8282379088953963	-1.423191844594142
3.1450000000022125	-2.234142499835559	0.8109506294296692	-1.42319187040589
3.150000000002223	-2.221080116500916	0.7978882175391511	-1.4231918989617653
3.1550000000022336	-2.212024780910463	0.7888328825713288	-1.4231918983391345
3.160000000002244	-2.2064682722713784	0.7832763625513465	-1.4231919097200318
3.1650000000022547	-2.2042575349665565	0.7810656291743351	-1.4231919057922213
3.1700000000022652	-2.205642024426647	0.7824500703414209	-1.423191954085226
3.175000000002276	-2.2105567602450398	0.7873647995720393	-1.4231919606730006
3.1800000000022863	-2.217891906163876	0.7946998961517444	-1.4231920100121318
3.185000000002297	-2.2256983010196665	0.8025062618093418	-1.4231920392103246
3.1900000000023074	-2.2321980253441494	0.8090059826039067	-1.423192042740243
3.195000000002318	-2.236615465956844	0.81342345521026	-1.4231920107465836
3.2000000000023285	-2.239231231303376	0.8160392299028948	-1.4231920014004813
3.205000000002339	-2.24086527309547	0.8176732873611051	-1.423191985734365
3.2100000000023496	-2.2423449753681926	0.819153010528174	-1.4231919648400184
3.21500000000236	-2.244191266193541	0.8209992946610799	-1.4231919715324608
3.2200000000023707	-2.246501655367069	0.823309666059989	-1.42319198930708
3.2250000000023813	-2.2489214945349216	0.8257294526217848	-1.4231920419131368
3.230000000002392	-2.250662826271182	0.8274707102265683	-1.4231921160446135
3.2350000000024024	-2.2506251445397654	0.8274330055073935	-1.4231921390323716
3.240000000002413	-2.2476634929240076	0.8244713095033142	-1.4231921834206935
3.2450000000024235	-2.2409535992231246	0.817761403867052	-1.4231921953560727
3.250000000002434	-2.2303043243656147	0.8071121326552979	-1.4231921917103165
3.2550000000024446	-2.2163624394952803	0.7931702901540402	-1.4231921493412403
3.260000000002455	-2.2006208103284255	0.7774287096204513	-1.423192100707974
3.2650000000024657	-2.1852217774435827	0.7620297366873819	-1.4231920407562006
3.2700000000024763	-2.172543815991531	0.7493518493837774	-1.4231919666077533
3.275000000002487	-2.1646486090584443	0.7414566860087487	-1.4231919230496954
3.2800000000024974	-2.1627541800819174	0.7395622657853435	-1.4231919142965743
3.285000000002508	-2.1670066192491566	0.7438147145813641	-1.4231919046677928
3.2900000000025185	-2.1765652790723284	0.7533733283235159	-1.4231919507488127
3.295000000002529	-2.189873680282292	0.7666816863265997	-1.4231919939556923
3.3000000000025396	-2.2049740153980277	0.7817819940761298	-1.4231920213218978
3.30500000000255	-2.219837652296286	0.7966455883340641	-1.423192063962222
3.3100000000025607	-2.2327157485588747	0.8095236450388051	-1.4231921035200694
3.3150000000025712	-2.242408378153007	0.819216264652277	-1.4231921135007297
3.3200000000025818	-2.2484051216902605	0.825213006743316	-1.4231921149469446
3.3250000000025923	-2.2508896157658724	0.8276975177225323	-1.4231920980433403
3.330000000002603	-2.2506718231949994	0.8274797477056006	-1.4231920754893985
3.3350000000026134	-2.249040598013879	0.8258485718515385	-1.42319202616234
3.340000000002624	-2.2475219938572506	0.8243300360642525	-1.4231919577929981
3.3450000000026345	-2.24756927673454	0.8243773554120363	-1.4231919213225042
3.350000000002645	-2.250202605517031	0.8270106760799204	-1.4231919294371107
3.3550000000026556	-2.255760213733854	0.8325682756439534	-1.4231919380899007
3.360000000002666	-2.2638350757910857	0.8406431185470967	-1.423191957243989
3.3650000000026767	-2.2733951864835693	0.8502032023154584	-1.423191984168111
3.3700000000026873	-2.2830166395581557	0.8598246298953973	-1.4231920096627584
3.375000000002698	-2.2911015844006433	0.8679095165319928	-1.4231920678686505
3.3800000000027084	-2.2959673369492655	0.8727752095588174	-1.4231921273904482
3.385000000002719	-2.2958343740221503	0.8726422005761103	-1.42319217344604
3.3900000000027295	-2.2888824414113373	0.8656901988135826	-1.4231922425977546
3.39500000000274	-2.2737895821343503	0.8505973120999184	-1.423192270034432
3.4000000000027506	-2.2511923916629697	0.8280002104708758	-1.4231921811920938
3.405000000002761	-2.2258423768418725	0.8026504247086592	-1.423191952133213
3.4100000000027717	-2.206970920834893	0.7837791965497728	-1.42319172428512
3.4150000000027823	-2.2032058938490118	0.7800141834898041	-1.4231917103592076
3.420000000002793	-2.214894131811858	0.7917021816639602	-1.4231919501478978
3.4250000000028034	-2.233746164665273	0.8105539854634624	-1.4231921792018107
3.430000000002814	-2.2504386480805474	0.8272463600236999	-1.4231922880568475
3.4350000000028245	-2.2602691264223767	0.8370768594128171	-1.4231922670095596
3.440000000002835	-2.2631790676055186	0.8399868833293976	-1.423192184276121
3.4450000000028456	-2.261450915445203	0.8382588197264863	-1.4231920957187167
3.450000000002856	-2.2577290334658215	0.8345369601980175	-1.423192073267804
3.4550000000028667	-2.2540255868647163	0.8308335156560592	-1.4231920712086572
3.460000000002877	-2.251567677440858	0.828375606148938	-1.4231920712919202
3.4650000000028878	-2.2510722307406255	0.827880168303378	-1.4231920624372476
3.4700000000028983	-2.2528842452968254	0.8296921660004462	-1.423192079296379
3.475000000002909	-2.2568761482574207	0.8336840625765106	-1.4231920856809104
3.4800000000029194	-2.262441787042333	0.8392496894165811	-1.423192097625752
3.48500000000293	-2.2687568444092854	0.8455647517039564	-1.423192092705329
3.4900000000029405	-2.2751213378087045	0.8519292401140665	-1.4231920976946377
3.495000000002951	-2.2811651769183796	0.8579731041973545	-1.423192072721025
3.5000000000029616	-2.2868564112970837	0.8636643396075714	-1.4231920716895126
3.505000000002972	-2.2924413814578206	0.8692493143237299	-1.4231920671340907
3.5100000000029827	-2.298398984639151	0.875206943845315	-1.4231920407938359
3.5150000000029933	-2.305357220079881	0.8821651840112268	-1.423192036068654
3.520000000003004	-2.3138771228325625	0.8906850985771215	-1.4231920242554412
3.5250000000030144	-2.324119763094457	0.9009276993678246	-1.4231920637266324
3.530000000003025	-2.3356065123536043	0.9124144149591299	-1.4231920973944745
3.5350000000030355	-2.3472238627896918	0.9240317016951297	-1.4231921610945621
3.540000000003046	-2.357549115881523	0.934356951400957	-1.423192164480566
3.5450000000030566	-2.3653184779309613	0.9421262888891468	-1.4231921890418147
3.550000000003067	-2.3698311219905124	0.9466389346549859	-1.4231921873355264
3.5550000000030777	-2.3711025087238498	0.9479103269790814	-1.4231921817447688
3.5600000000030882	-2.369715645849734	0.9465234729995216	-1.4231921728502124
3.565000000003099	-2.3664565762845022	0.9432644194806844	-1.4231921568038177
3.5700000000031094	-2.3619054356838673	0.9387132722201856	-1.4231921634636813
3.57500000000312	-2.3562354357253557	0.9330432605839327	-1.4231921751414227
3.5800000000031305	-2.349285131416396	0.9260929489195482	-1.423192182496848
3.585000000003141	-2.340815503817712	0.9176233089856146	-1.4231921948320974
3.5900000000031516	-2.3307235807113877	0.907531369172617	-1.423192211538771
3.595000000003162	-2.319161371604098	0.8959691605331505	-1.4231922110709474
3.6000000000031727	-2.3065689672314087	0.8833767704032277	-1.423192196828181
3.605000000003183	-2.293739188766641	0.8705469998019612	-1.4231921889646797
3.6100000000031938	-2.2819123416587614	0.8587202126439797	-1.4231921290147818
3.6150000000032043	-2.2727106168798525	0.8495185336795533	-1.4231920832002993
3.620000000003215	-2.2677648876224956	0.8445728304085606	-1.423192057213935
3.6250000000032254	-2.2679923695090096	0.8448003208570135	-1.423192048651996
3.630000000003236	-2.2730157433323974	0.8498236571013823	-1.423192086231015
3.6350000000032465	-2.2812505924727318	0.8580584604008618	-1.4231921320718697
3.640000000003257	-2.290584371069932	0.8673921812288232	-1.4231921898411088
3.6450000000032676	-2.299080409468481	0.8758881916369633	-1.4231922178315175
3.650000000003278	-2.3053080587163444	0.8821158249981584	-1.423192233718186
3.6550000000032887	-2.3083464034340038	0.8851541605049447	-1.423192242929059
3.6600000000032993	-2.307709907488325	0.8845176797441954	-1.4231922277441296
3.66500000000331	-2.3033326940929344	0.880140464430413	-1.4231922296625212
3.6700000000033204	-2.2955024180198182	0.8723102028955182	-1.4231922151243
3.675000000003331	-2.2846765060929313	0.861484298153188	-1.423192207939743
3.6800000000033415	-2.2713216584727265	0.8481294422052079	-1.4231922162675188
3.685000000003352	-2.2559990515878687	0.8328068252763308	-1.423192226311538
3.6900000000033626	-2.2397803278939508	0.8165881355658597	-1.4231921923280908
3.695000000003373	-2.2247305899944028	0.8015384706281233	-1.4231921193662793
3.7000000000033837	-2.213841146354394	0.7906491016585807	-1.423192044695813
3.7050000000033942	-2.2099407330256424	0.7867487001230217	-1.4231920329026209
3.710000000003405	-2.21404035797735	0.7908482590052208	-1.4231920989721294
3.7150000000034153	-2.224553355952881	0.8013611709932883	-1.423192184959593
3.720000000003426	-2.238190958876119	0.814998677984591	-1.4231922808915278
3.7250000000034365	-2.251708283903463	0.8285159338607418	-1.4231923500427213
3.730000000003447	-2.2630551007308184	0.8398627595739688	-1.4231923411568494
3.7350000000034576	-2.2714913528282508	0.848299019521805	-1.4231923333064458
3.740000000003468	-2.277090656047103	0.8538983524357989	-1.4231923036113039
3.7450000000034787	-2.2801965981581924	0.8570043065847048	-1.4231922915734876
3.750000000003489	-2.281094692539222	0.8579024259177918	-1.4231922666214303
3.7550000000034998	-2.279970957737421	0.8567786802499784	-1.4231922774874426
3.7600000000035103	-2.277070593636371	0.8538783149247241	-1.4231922787116469
3.765000000003521	-2.2728903199056827	0.8496980669667082	-1.4231922529389742
3.7700000000035314	-2.2682785669715337	0.8450863455133854	-1.4231922214581485
3.775000000003542	-2.264351364137842	0.8411591727336726	-1.4231921914041692
3.7800000000035525	-2.2622806021331945	0.8390884232914495	-1.4231921788417452
3.785000000003563	-2.2630037858115744	0.8398116184045675	-1.4231921674070072
3.7900000000035736	-2.266857767583575	0.8436655824231025	-1.4231921851604725
3.795000000003584	-2.2732878590152445	0.850095643205712	-1.4231922158095327
3.8000000000035947	-2.2808618930091757	0.8576696314599457	-1.4231922615492303
3.8050000000036053	-2.2877144921487913	0.8645221841132096	-1.4231923080355815
3.810000000003616	-2.2922099901742374	0.8690176608500587	-1.4231923293241788
3.8150000000036264	-2.293486455048017	0.8702941140940409	-1.4231923409539764
3.820000000003637	-2.291628137430267	0.8684358477823693	-1.4231922896478977
3.8250000000036475	-2.2874928470549794	0.8643006100511949	-1.4231922370037848
3.830000000003658	-2.2823501087911144	0.8591578471483694	-1.4231922616427448
3.8350000000036686	-2.277490259469795	0.854298035709829	-1.4231922237599661
3.840000000003679	-2.2739473894823887	0.8507551708821819	-1.4231922186002066
3.8450000000036897	-2.272351447205103	0.8491592580524946	-1.4231921891526085
3.8500000000037002	-2.2728535409129154	0.8496613512205929	-1.4231921896923223
3.855000000003711	-2.275106490911991	0.8519142614899131	-1.4231922294220778
3.8600000000037213	-2.2782820389920766	0.8550897979861037	-1.423192241005973
3.865000000003732	-2.281142405971899	0.8579501308031329	-1.4231922751687662
3.8700000000037424	-2.282248829997258	0.8590565070501331	-1.4231923229471248
3.875000000003753	-2.2803288992934445	0.8571365185059581	-1.4231923807874864
3.8800000000037635	-2.274669431014668	0.8514770446874128	-1.423192386327255
3.885000000003774	-2.26541121917342	0.8422188505602497	-1.4231923686131704
3.8900000000037847	-2.2535519240288786	0.8303595999208397	-1.4231923241080389
3.895000000003795	-2.2406648097340507	0.8174725526747101	-1.4231922570593405
3.9000000000038058	-2.22843015597442	0.805237929611119	-1.423192226363301
3.9050000000038163	-2.218166391130502	0.7949741753455281	-1.4231922157849737
3.910000000003827	-2.21042280584071	0.7872305991946262	-1.423192206646084
3.9150000000038374	-2.204686460253625	0.7814942104571468	-1.4231922497964782
3.920000000003848	-2.1994893427915545	0.7762970434145292	-1.4231922993770252
3.9250000000038585	-2.193076542933858	0.7698841987764777	-1.4231923441573804
3.930000000003869	-2.1843383932867737	0.7611460221394075	-1.4231923711473662
3.9350000000038796	-2.1734108351494457	0.7502185130798884	-1.4231923220695575
3.94000000000389	-2.161683320764595	0.7384910819316457	-1.4231922388329492
3.9450000000039007	-2.1512930900171043	0.7281009093896837	-1.423192180627421
3.9500000000039113	-2.1444283250342395	0.721236208000577	-1.4231921170336626
3.955000000003922	-2.1426542372893023	0.7194621486359708	-1.4231920886533314
3.9600000000039324	-2.1463994099295185	0.7232073067135414	-1.4231921032159773
3.965000000003943	-2.1548726982962223	0.7316805457027401	-1.423192152593482
3.9700000000039535	-2.166487127788561	0.7432949384908606	-1.4231921892977004
3.975000000003964	-2.1795535961613233	0.756361373490465	-1.4231922226708582
3.9800000000039746	-2.1928180389005245	0.769625798115054	-1.4231922407854705
3.985000000003985	-2.205653913717773	0.7824616831794114	-1.4231922305383613
3.9900000000039957	-2.217938978121397	0.7947467629168515	-1.423192215204545
3.9950000000040062	-2.229777229320905	0.8065850260359498	-1.4231922032849547
4.000000000004016	-2.241202188477056	0.8180100119342992	-1.4231921765427569
4.005000000004005	-2.2519583153278693	0.8287661012485715	-1.4231922140792976
4.010000000003993	-2.2614480309385554	0.8382557947503048	-1.4231922361882505
4.015000000003981	-2.268904833341518	0.8457125848018818	-1.4231922485396364
4.02000000000397	-2.2737523493060787	0.8505601472414526	-1.4231922020646264
4.025000000003958	-2.2760003871336756	0.8528082224018466	-1.423192164731829
4.030000000003946	-2.2765333834912793	0.8533412888076579	-1.4231920946836214
4.035000000003935	-2.2769800829142284	0.8537880178710104	-1.4231920650432182
4.040000000003923	-2.2790637628525805	0.855871714576662	-1.4231920482759188
4.0450000000039115	-2.2837339883074192	0.8605419408506596	-1.4231920474567596
4.0500000000039	-2.2906646547357927	0.8674725588954483	-1.4231920958403441
4.055000000003888	-2.2985354231827793	0.8753433019010654	-1.4231921212817138
4.0600000000038765	-2.305778708072554	0.8825865475663097	-1.4231921605062445
4.065000000003865	-2.311182110995607	0.8879899354106428	-1.4231921755849644
4.070000000003853	-2.3140410521817123	0.8908488894199705	-1.4231921627617419
4.0750000000038415	-2.3140145136054344	0.8908223511064038	-1.4231921624990305
4.08000000000383	-2.310976330184603	0.8877841558207292	-1.4231921743638736
4.085000000003818	-2.304992525091435	0.8818003678196925	-1.4231921572717428
4.090000000003807	-2.2964013120961444	0.8732091710231938	-1.4231921410729507
4.095000000003795	-2.2858965018749364	0.8627043770985545	-1.423192124776382
4.100000000003783	-2.2745380606193466	0.8513459518827147	-1.4231921087366322
4.105000000003772	-2.263669348408609	0.840477280094326	-1.423192068314283
4.11000000000376	-2.2547392512061015	0.831547221727368	-1.4231920294787335
4.115000000003748	-2.2490396519407487	0.8258476300319141	-1.4231920219088345
4.120000000003737	-2.247418866304049	0.8242268391785597	-1.4231920271254892
4.125000000003725	-2.2500197206425026	0.8268276736464313	-1.4231920469960713
4.130000000003713	-2.256153612730384	0.8329615156802475	-1.4231920970501364
4.135000000003702	-2.264394023122524	0.841201851906714	-1.42319217121581
4.14000000000369	-2.272847716222576	0.8496554984937704	-1.4231922177288054
4.145000000003678	-2.2795063631018535	0.856314106928107	-1.4231922561737462
4.150000000003667	-2.2825756730441564	0.8593833836653154	-1.4231922893788413
4.155000000003655	-2.280766267942072	0.8575739611682439	-1.423192306773828
4.1600000000036434	-2.2736278059195043	0.8504354992837025	-1.4231923066358017
4.165000000003632	-2.262010473105525	0.8388182506809507	-1.4231922224245743
4.17000000000362	-2.248451643802431	0.8252595370425233	-1.4231921067599074
4.1750000000036085	-2.236807067689746	0.8136150309409764	-1.4231920367487698
4.180000000003597	-2.230646691490749	0.8074546916826418	-1.423191999808107
4.185000000003585	-2.2312169905476718	0.8080249648512151	-1.4231920256964568
4.1900000000035735	-2.236919014919543	0.8137269275290461	-1.4231920873904966
4.195000000003562	-2.2448370725165856	0.8216449569387037	-1.4231921155778822
4.20000000000355	-2.252689215094407	0.8294970983655264	-1.4231921167288804
4.205000000003539	-2.2595927184685207	0.8364005957648882	-1.4231921227036324
4.210000000003527	-2.2657269892126424	0.8425348951539929	-1.4231920940586498
4.215000000003515	-2.271639908833009	0.8484478592244672	-1.4231920496085417
4.220000000003504	-2.2777263536209555	0.8545343063222401	-1.4231920472987156
4.225000000003492	-2.2840293747021243	0.8608373578940197	-1.4231920168081047
4.23000000000348	-2.290298780552352	0.8671067658995839	-1.4231920146527681
4.235000000003469	-2.2961543168315472	0.8729622927665835	-1.4231920240649638
4.240000000003457	-2.3012792398999475	0.8780872210745381	-1.4231920188254095
4.245000000003445	-2.3055417018190956	0.8823496771358684	-1.4231920246832273
4.250000000003434	-2.3090417838190533	0.8858497776525058	-1.4231920061665475
4.255000000003422	-2.3120561421486587	0.8888641299663892	-1.4231920121822697
4.26000000000341	-2.3149095998648357	0.8917175638531843	-1.4231920360116517
4.265000000003399	-2.3178057525375224	0.8946137142404441	-1.4231920382970784
4.270000000003387	-2.320714333221506	0.8975222913758116	-1.4231920418456943
4.275000000003375	-2.323372320185759	0.9001802801888387	-1.4231920399969198
4.280000000003364	-2.325338418744359	0.9021463426401624	-1.4231920761041965
4.285000000003352	-2.3260272758094267	0.9028351696961123	-1.4231921061133148
4.2900000000033405	-2.324741984506255	0.9015498531236318	-1.4231921313826235
4.295000000003329	-2.3206759221360125	0.8974837611948503	-1.423192160941162
4.300000000003317	-2.3129958064671414	0.8898036102461225	-1.4231921962210192
4.3050000000033055	-2.301024410609278	0.8778322038990558	-1.4231922067102223
4.310000000003294	-2.284514443303324	0.861322232950559	-1.4231922103527652
4.315000000003282	-2.263965948951619	0.8407737709107553	-1.4231921780408634
4.320000000003271	-2.2408513228465012	0.8176591963341238	-1.4231921265123773
4.325000000003259	-2.2176053233172626	0.7944132647639495	-1.4231920585533129
4.330000000003247	-2.1971895765458327	0.7739976008849068	-1.4231919756609261
4.335000000003236	-2.1822933459379077	0.7591014122491687	-1.4231919336887386
4.340000000003224	-2.1744876301005354	0.751295721514426	-1.4231919085861093
4.345000000003212	-2.1738451204977802	0.7506531716833896	-1.4231919488143905
4.350000000003201	-2.1791631627208634	0.7559711508298654	-1.4231920118909982
4.355000000003189	-2.1885617448177177	0.7653696921261813	-1.4231920526915365
4.360000000003177	-2.2000452160630704	0.7768531180360259	-1.4231920980270445
4.365000000003166	-2.21189284572758	0.7887007225120923	-1.4231921232154878
4.370000000003154	-2.222818330799623	0.7996261993999911	-1.4231921313996319
4.375000000003142	-2.2319528961347324	0.8087607530145712	-1.4231921431201613
4.380000000003131	-2.2387525339771686	0.8155603907785185	-1.42319214319865
4.385000000003119	-2.2428930954875748	0.8197009439225488	-1.4231921515650259
4.390000000003107	-2.2442409742903493	0.8210488183319145	-1.423192155958435
4.395000000003096	-2.2429256819310774	0.8197335333234347	-1.4231921486076429
4.400000000003084	-2.2394794118523444	0.8162872754510602	-1.4231921364012843
4.4050000000030725	-2.2349215173888926	0.8117294178330678	-1.4231920995558247
4.410000000003061	-2.230607428494973	0.807415382541961	-1.4231920459530119
4.415000000003049	-2.2277567002880874	0.8045646624624385	-1.4231920378256486
4.4200000000030375	-2.2269005418382686	0.8037084761533797	-1.423192065684889
4.425000000003026	-2.2276944399063257	0.8045023515988656	-1.42319208830746
4.430000000003014	-2.229307698419647	0.8061155909309454	-1.4231921074887015
4.4350000000030025	-2.231072192576515	0.8078800875563458	-1.4231921050201692
4.440000000002991	-2.2329571928494096	0.8097651085457152	-1.4231920843036943
4.445000000002979	-2.235665403276758	0.8124733515351004	-1.4231920517416574
4.450000000002968	-2.240356396568725	0.8171643816065859	-1.4231920149621393
4.455000000002956	-2.248121704355264	0.8249296833286398	-1.4231920210266242
4.460000000002944	-2.2595022452452365	0.836310222732266	-1.4231920225129706
4.465000000002933	-2.2743211108784367	0.8511290703782675	-1.4231920405001695
4.470000000002921	-2.291820242549564	0.8686281559614051	-1.423192086588159
4.475000000002909	-2.3108752458057515	0.8876831289874582	-1.4231921168182933
4.480000000002898	-2.330104998227205	0.9069128309663651	-1.4231921672608396
4.485000000002886	-2.3479428820511545	0.9247506666604598	-1.4231922153906948
4.490000000002874	-2.362770108544447	0.9395778692053673	-1.4231922393390797
4.495000000002863	-2.3731711998605896	0.9499789637075047	-1.4231922361530849
4.500000000002851	-2.3782120233607515	0.9550197812381339	-1.4231922421226175
4.505000000002839	-2.3776155689936123	0.9544233242562917	-1.4231922447373204
4.510000000002828	-2.371804307040854	0.9486121069524419	-1.4231922000884123
4.515000000002816	-2.361814875122435	0.9386227391159114	-1.4231921360065234
4.520000000002804	-2.349132052206548	0.9259399704217194	-1.4231920817848285
4.525000000002793	-2.3354397518177894	0.9122477189636975	-1.4231920328540923
4.530000000002781	-2.3223214261651295	0.8991294180758784	-1.4231920080892513
4.5350000000027695	-2.3109309189975655	0.887738922737596	-1.4231919962599695
4.540000000002758	-2.3017556037539957	0.8785635861133818	-1.4231920176406136
4.545000000002746	-2.2945668604490037	0.8713748155144565	-1.4231920449345472
4.5500000000027345	-2.2886459459901105	0.8654538823508497	-1.423192063639261
4.555000000002723	-2.283177121421375	0.8599850477450761	-1.4231920736762986
4.560000000002711	-2.2776699669373666	0.8544778889346226	-1.423192078002744
4.5650000000027	-2.2722438303766044	0.8490517749127663	-1.4231920554638378
4.570000000002688	-2.2676635195155677	0.8444714773214453	-1.4231920421941227
4.575000000002676	-2.2651199825703694	0.8419279857001744	-1.4231919968701952
4.580000000002665	-2.2658502152547557	0.8426582292025004	-1.4231919860522555
4.585000000002653	-2.2706645792882103	0.8474726017876566	-1.4231919775005537
4.590000000002641	-2.27949664580707	0.8563046333149157	-1.4231920124921544
4.59500000000263	-2.2911749387505393	0.8679828990409062	-1.4231920397096331
4.600000000002618	-2.3036369723265464	0.8804448730390514	-1.423192099287495
4.605000000002606	-2.3146285661917907	0.8914364254947458	-1.423192140697045
4.610000000002595	-2.322571870246701	0.8993797084208994	-1.4231921618258014
4.615000000002583	-2.327115241686949	0.9039231088713984	-1.4231921328155508
4.620000000002571	-2.3291580651286337	0.9059659837985652	-1.4231920813300685
4.62500000000256	-2.330359859442008	0.9071678000029826	-1.4231920594390255
4.630000000002548	-2.3323909811339187	0.9091989533783927	-1.423192027755526
4.635000000002536	-2.3362633946987335	0.9130713730176917	-1.423192021681042
4.640000000002525	-2.341962743844409	0.9187707142755732	-1.4231920295688356
4.645000000002513	-2.3484461992406716	0.9252541173331517	-1.42319208190752
4.6500000000025015	-2.3539671863974823	0.9307750322346517	-1.4231921541628305
4.65500000000249	-2.3565439762358404	0.9333517695430714	-1.423192206692769
4.660000000002478	-2.3544459029799465	0.9312536510838065	-1.4231922518961404
4.6650000000024665	-2.3465871929021374	0.9233949281543368	-1.4231922647478006
4.670000000002455	-2.33279805611751	0.9096058082588035	-1.4231922478587067
4.675000000002443	-2.3139433564483096	0.8907511520631186	-1.423192204385191
4.6800000000024315	-2.2919202953636004	0.8687281492942089	-1.423192146069391
4.68500000000242	-2.2694685602435625	0.8462764598981427	-1.4231921003454198
4.690000000002408	-2.249781307696809	0.8265893333009715	-1.4231919743958372
4.695000000002397	-2.2360199027874965	0.8128280095799327	-1.4231918932075638
4.700000000002385	-2.230727051221775	0.8075351804723714	-1.4231918707494038
4.705000000002373	-2.235187419049681	0.8119955376369263	-1.4231918814127544
4.710000000002362	-2.248931194156509	0.8257392524834297	-1.423191941673079
4.71500000000235	-2.2697770442781366	0.8465850262508375	-1.4231920180272988
4.720000000002338	-2.29452625054766	0.8713341520206953	-1.4231920985269644
4.725000000002327	-2.319924450548314	0.8967323048035933	-1.4231921457447205
4.730000000002315	-2.343346320227912	0.9201541321233465	-1.4231921881045657
4.735000000002303	-2.3630536569871645	0.9398614542184203	-1.4231922027687443
4.740000000002292	-2.3781246356694585	0.9549324314793688	-1.4231922041900895
4.74500000000228	-2.388233769196053	0.9650415668795241	-1.4231922023165289
4.750000000002268	-2.3934301359625274	0.9702379315872794	-1.4231922043752478
4.755000000002257	-2.3939998316662017	0.9708076299190581	-1.4231922017471437
4.760000000002245	-2.3904442772790744	0.9672520929719955	-1.4231921843070792
4.7650000000022334	-2.3835941520364234	0.9604019933238079	-1.4231921587126153
4.770000000002222	-2.3747849476006384	0.9515928476005064	-1.4231921000001322
4.77500000000221	-2.3658527386360775	0.9426606800601326	-1.4231920585759448
4.7800000000021985	-2.35869809945291	0.9355060547574482	-1.4231920446954616
4.785000000002187	-2.3545531017413337	0.9313610767787774	-1.4231920249625563
4.790000000002175	-2.353489529943838	0.9302974610743588	-1.4231920688694795
4.7950000000021635	-2.3546377534663567	0.9314456672956463	-1.4231920861707101
4.800000000002152	-2.3568020140342885	0.9336098959527545	-1.423192118081534
4.80500000000214	-2.358852716920169	0.9356605555096863	-1.4231921614104828
4.810000000002129	-2.359729867153165	0.9365376820130309	-1.4231921851401341
4.815000000002117	-2.3584141378115517	0.9352219468115223	-1.4231921910000294
4.820000000002105	-2.354098886585608	0.9309066927358277	-1.4231921938497805
4.825000000002094	-2.3465169481837176	0.9233247652579502	-1.4231921829257672
4.830000000002082	-2.336173105390301	0.9129809679497478	-1.4231921374405534
4.83500000000207	-2.3243105029086446	0.9011184211378314	-1.4231920817708135
4.840000000002059	-2.312518544437944	0.8893265005508308	-1.423192043887113
4.845000000002047	-2.3021572737033256	0.878965244082901	-1.4231920296204246
4.850000000002035	-2.2938974126769174	0.8707053815970363	-1.4231920310798811
4.855000000002024	-2.2876868428748303	0.864494770262858	-1.4231920726119722
4.860000000002012	-2.283177626669664	0.8599855463483681	-1.4231920803212958
4.865000000002	-2.2803100303388737	0.8571179556118025	-1.4231920747270712
4.870000000001989	-2.279558161313993	0.8563661067207075	-1.4231920545932855
4.875000000001977	-2.28158019415196	0.858388171081279	-1.4231920230706807
4.880000000001965	-2.2865101276384787	0.8633180772273142	-1.4231920504111644
4.885000000001954	-2.2934952283435757	0.8703031093288304	-1.4231921190147454
4.890000000001942	-2.300841000946939	0.8776488220923753	-1.423192178854564
4.8950000000019305	-2.3066011019597012	0.8834088851542101	-1.4231922168054911
4.900000000001919	-2.309241400328414	0.8860491708432149	-1.4231922294851995
4.905000000001907	-2.3081184014517944	0.8849261677265028	-1.4231922337252916
4.9100000000018955	-2.3037813130228266	0.8805891176613483	-1.4231921953614783
4.915000000001884	-2.2980665482757656	0.8748743935528498	-1.4231921547229158
4.920000000001872	-2.2937842655609453	0.8705921946196651	-1.4231920709412802
4.925000000001861	-2.293847579074235	0.8706555665382948	-1.4231920125359405
4.930000000001849	-2.3001004323303675	0.8769084434035086	-1.423191988926859
4.935000000001837	-2.3124660299104667	0.8892740022610163	-1.4231920276494503
4.940000000001826	-2.3290448544539917	0.9058527395258813	-1.4231921149281104
4.945000000001814	-2.346974055087924	0.9237818805764475	-1.4231921745114766
4.950000000001802	-2.363434497981997	0.9402422821468354	-1.4231922158351613
4.955000000001791	-2.3762591274981593	0.953066839861793	-1.423192287636366
4.960000000001779	-2.38411000828015	0.960917687303193	-1.423192320976957
4.965000000001767	-2.3864014610743123	0.9632091441882864	-1.423192316886026
4.970000000001756	-2.383186767958007	0.9599944838691046	-1.4231922840889024
4.975000000001744	-2.375076887491548	0.9518845938430226	-1.4231922936485255
4.980000000001732	-2.3631986324159384	0.9400064051168576	-1.4231922272990807
4.985000000001721	-2.3491190111833906	0.9259268199736418	-1.4231921912097487
4.990000000001709	-2.3346613589858545	0.9114692242719196	-1.4231921347139351
4.995000000001697	-2.3215474685404875	0.8983553635032506	-1.423192105037237
5.000000000001686	-2.3109653240340475	0.8877732191582234	-1.423192104875824
