# t-t0	Cv	<r^2>
0.04999999999990079	2.4636195563185193	0.006903352852373355
0.09999999999989528	1.958895289708968	0.026504431490280252
0.14999999999988978	1.727895839635633	0.05820601397589661
0.19999999999988427	1.4079076618494955	0.09894842046403224
0.24999999999987876	1.0348017450100189	0.14345599821174007
0.29999999999987326	0.7258051304951367	0.19034721745144226
0.34999999999986775	0.544190750083713	0.24060625690609683
0.39999999999986224	0.4934888072278523	0.29503988417073423
0.44999999999985674	0.43784930113237425	0.3531404377433762
0.49999999999985123	0.419976882765771	0.4117299261627625
0.5499999999998457	0.5328524625122286	0.47212898383878604
0.5999999999998402	0.5687278502313121	0.5339558232889722
0.6499999999998347	0.46459426797464465	0.5874657371306291
0.6999999999998292	0.40544346455901303	0.6384155887604678
0.7499999999998237	0.3397636897252349	0.6950412089247111
0.7999999999998182	0.1872647207904296	0.7554278432634628
0.8499999999998127	0.1665449273660659	0.8170987041324023
0.8999999999998072	0.2394221071086413	0.8833289861357423
0.9499999999998017	0.4013967378484644	0.9548096619742071
0.9999999999997962	0.3869886811351094	1.0287367955377547
1.0499999999999017	0.10282617168388918	1.0958636811366036
1.1000000000000072	0.025148198601270277	1.1564163117056807
1.1500000000001127	0.16309592689426514	1.2213929510501318
1.2000000000002182	0.299541484483972	1.2886508651558726
1.2500000000003237	0.34541260276730407	1.3579432580950388
1.3000000000004293	0.4309342833899468	1.4352310800573498
1.3500000000005348	0.41755409801028054	1.5240646362365033
1.4000000000006403	0.25663720684674	1.6175302739640407
1.4500000000007458	0.03937812669643973	1.7099064279511742
1.5000000000008513	0.04436334324081534	1.8049271916180407
1.5500000000009568	0.06828001353337344	1.9069742733406507
1.6000000000010624	0.09286570831528666	2.014190602979151
1.6500000000011679	0.19642068820581124	2.120848200554386
1.7000000000012734	0.1686375719173714	2.212420840181994
1.750000000001379	0.21459107486483286	2.2953293235750114
1.8000000000014844	0.3154965157867515	2.3882955042589864
1.85000000000159	0.3111840450524651	2.492897761945695
1.9000000000016954	0.20893842366490414	2.584265578721832
1.950000000001801	0.2920389873332843	2.675625213691287
2.0000000000019065	0.3705075280473046	2.76754363327264
2.050000000002012	0.45143508572036806	2.8643900100343838
2.1000000000021175	0.43902062957505045	2.949674041573338
2.150000000002223	0.3884362958199257	3.021464978314561
2.2000000000023285	0.26706226337167593	3.1086688177866244
2.250000000002434	0.2077126534633953	3.208109211337235
2.3000000000025396	0.41817708942482457	3.3126537718690052
2.350000000002645	0.4854288686914467	3.42327090061454
2.4000000000027506	0.4546739019808493	3.5423583744736984
2.450000000002856	0.2063356407906212	3.6706601145538382
2.5000000000029616	0.01575842910229097	3.797432305406761
2.550000000003067	-0.008127675258230518	3.9217592639110377
2.6000000000031727	0.14377736565612861	4.04901735264765
2.650000000003278	0.2869180779183397	4.184462500203168
2.7000000000033837	0.4138504719316073	4.3173826350982685
2.750000000003489	0.4190375266778174	4.4501841269421725
2.8000000000035947	0.38086819552396034	4.577307879293704
2.8500000000037002	0.3517809316679888	4.7059718271736095
2.9000000000038058	0.18469773685143945	4.834637109900321
2.9500000000039113	0.005250844724548851	4.958410615851775
3.0000000000040163	-0.09546632450715284	5.078760967691805
3.0500000000039	-0.13017717415539315	5.188694572545391
3.1000000000037833	-0.11090117843281144	5.292828636194608
3.1500000000036668	0.024622357903903422	5.3934940173797195
3.2000000000035502	0.06181283523193757	5.498262609037823
3.2500000000034337	-0.00643081814496985	5.606138033774163
3.300000000003317	-0.04980339438586178	5.714491487692186
3.3500000000032006	-0.07125801118209087	5.8233220482124946
3.400000000003084	-0.1344361299169606	5.947622941708954
3.4500000000029676	-0.16388272177104327	6.0937647058134745
3.500000000002851	-0.1080811666790915	6.248134700712398
3.5500000000027345	-0.00018666427622060055	6.400760958792209
3.600000000002618	0.04256902419220441	6.561235213682692
3.6500000000025015	-0.12579810908240194	6.71588100491312
3.700000000002385	-0.26695702470729266	6.845669909659085
3.7500000000022684	-0.31614465146134185	6.9645198378842466
3.800000000002152	-0.3237335774309667	7.079276869027474
3.8500000000020353	-0.2253792868802407	7.193999854697701
3.900000000001919	-0.16042059795116814	7.317126214492131
3.9500000000018023	-0.13698120575388367	7.456780529499428
4.000000000001686	0.10373233051949725	7.624971355222346
4.050000000001569	0.26369388310893527	7.822878590979275
4.100000000001453	0.23202960294038433	8.033282258279932
4.150000000001336	0.10525147350071407	8.22565049428032
4.20000000000122	0.03950817202198443	8.406387498607966
4.250000000001103	0.0843603164687195	8.601679778601959
4.300000000000987	0.020353265322510708	8.806261106333922
4.35000000000087	0.052813157225741626	8.996641555184066
4.4000000000007535	0.06639779033167316	9.15668762900227
4.450000000000637	0.07868010406488711	9.297794107626226
4.5000000000005205	0.07044293490354377	9.429141474524235
4.550000000000404	0.040533369813185845	9.563686374059635
4.600000000000287	-0.015393532734711725	9.708809781733052
4.650000000000171	0.12548773240135463	9.87233230551511
4.700000000000054	0.07423408556016725	10.039575937858828
4.749999999999938	0.019905818208690217	10.187534109081627
4.799999999999821	-0.013172735570492979	10.322431446367263
4.849999999999705	-0.009821680622868612	10.456414721511374
4.899999999999588	0.02806350767827342	10.60153963393585
4.949999999999472	0.042141067969343915	10.750200152240202
4.999999999999355	0.0605182304765438	10.915390708595917
5.049999999999239	0.08490956224515171	11.088732927414146
5.099999999999122	0.16887168111236597	11.25407667995685
5.149999999999006	0.2742453743254655	11.415879778199326
5.199999999998889	0.31537840857202826	11.587947974082262
5.2499999999987725	0.3720891396729241	11.772405330223947
5.299999999998656	0.46391628329603785	11.950318367322707
5.3499999999985395	0.5436382266850835	12.123797036964797
5.399999999998423	0.7240483764498252	12.310507822723975
5.449999999998306	0.7775677408170489	12.50303726106818
5.49999999999819	0.5701671985818502	12.670684648344455
5.549999999998073	0.5715944874486203	12.821515358377424
5.599999999997957	0.6109016207478765	12.978048041013075
5.64999999999784	0.5513652150865699	13.134612967118255
5.699999999997724	0.37862127673474366	13.283954835950407
5.749999999997607	0.26368854871281244	13.441979489883028
5.799999999997491	0.12871437923509313	13.602399258479075
5.849999999997374	0.11669523833302164	13.7646301653206
5.899999999997258	0.17131170301437032	13.931533611346346
5.949999999997141	0.3376799148679375	14.116975972202528
5.999999999997025	0.4479157710300496	14.305314936233149
6.049999999996908	0.4976558117104329	14.505473336695017
6.0999999999967915	0.5169411156665416	14.727832203369115
6.149999999996675	0.5564482508300327	14.962417746627109
6.1999999999965585	0.6202636010477799	15.186842973459678
6.249999999996442	0.7009147998736421	15.39135473622366
6.299999999996325	0.698316121798334	15.599750119920461
6.349999999996209	0.6293641400651679	15.782132940765207
6.399999999996092	0.4775688147705962	15.947752407545458
6.449999999995976	0.36809875282144433	16.113810975481144
6.499999999995859	0.3148286214830629	16.27652447082337
6.549999999995743	0.26915663184600336	16.434970333118255
6.599999999995626	0.1943199091380422	16.594252397342807
6.64999999999551	0.18774742039915326	16.759640264287228
6.699999999995393	0.20478711770460067	16.94087867557913
6.749999999995277	0.17695026431222274	17.153684776906722
6.79999999999516	0.17455249200158846	17.37615194824862
6.849999999995044	0.19397886815233367	17.596181698035988
6.899999999994927	0.31953472343468314	17.831204678011567
6.9499999999948106	0.4542320556202786	18.087465277433918
6.999999999994694	0.4626751467465823	18.35731398176524
7.0499999999945775	0.42400388523207183	18.61575474277013
7.099999999994461	0.44290356371109046	18.855780077946275
7.149999999994344	0.4362711726905524	19.096807339930393
7.199999999994228	0.3977499214106029	19.358432702424253
7.249999999994111	0.2867190760331354	19.615900021999515
7.299999999993995	0.18129852399329624	19.850581400687123
7.349999999993878	0.17826659271180914	20.061351069948998
7.399999999993762	0.14113944052253027	20.25143183835415
7.449999999993645	0.11130829481195681	20.462143379908746
7.499999999993529	0.07973173029523423	20.688927797197852
7.549999999993412	0.17126281587751055	20.91237817328836
7.599999999993296	0.3366763377477885	21.12006842896847
7.649999999993179	0.3799230456906364	21.31114521911721
7.699999999993063	0.40123252186092684	21.519012236470545
7.749999999992946	0.3913345400947326	21.730787560115342
7.79999999999283	0.28315723808546617	21.934647741653876
7.849999999992713	0.15056056534605486	22.136912833046452
7.8999999999925965	0.13048899255291602	22.33986260001858
7.94999999999248	0.18645781350732626	22.551448414908656
7.999999999992363	0.2886713856208293	22.766271518460897
8.049999999992247	0.38835535461731935	22.98065925835798
8.09999999999213	0.2831172230128741	23.190289689585875
8.149999999992014	0.22216173790882465	23.381066721232596
8.199999999991897	0.26208637780237914	23.58600468258643
8.24999999999178	0.26120469155551906	23.818213526916516
8.299999999991664	0.1332191010130341	24.058120813166553
8.349999999991548	0.036693822632123195	24.272935882369378
8.399999999991431	0.012383295101931152	24.462960788105175
8.449999999991315	-0.02663452094742489	24.64545163386611
8.499999999991198	-0.00820670205592308	24.83875991289493
8.549999999991082	0.0015597789543019148	25.024791335734058
8.599999999990965	0.028562376917276117	25.175741529394465
8.649999999990849	0.21065944281995222	25.29385182540904
8.699999999990732	0.2504961685785259	25.378639713230637
8.749999999990616	0.27393274502157633	25.4562238931619
8.799999999990499	0.297746690109974	25.55404084939091
8.849999999990382	0.24681930962753504	25.678964231143283
8.899999999990266	0.10578656541483421	25.813125611863274
8.94999999999015	-0.026214172477926564	25.950401729370547
8.999999999990033	0.11153688576718764	26.102859744202263
