# t	u	ec	e	T	P
0.019999999999999934	-0.7006619825053738	1.0058787208870783	0.3052167383817045	1.0058787208870783	0.4590036555535883
0.04000000000000012	-0.7335779395219352	1.0387946600504714	0.3052167205285362	1.0387946600504714	0.4734967374624361
0.06000000000000069	-0.7799214760761182	1.0851381623409107	0.3052166862647924	1.0851381623409107	0.4939861745669531
0.08000000000000126	-0.8188971981069958	1.1241138938417161	0.30521669573472043	1.1241138938417161	0.5113586780074026
0.10000000000000184	-0.850852710129717	1.1560694048114628	0.3052166946817459	1.1560694048114628	0.5257374189555872
0.12000000000000241	-0.8785115228162671	1.1837281994434952	0.30521667662722796	1.1837281994434952	0.5382729776145195
0.1400000000000009	-0.8944132029503526	1.1996298353676285	0.30521663241727587	1.1996298353676285	0.5455613441544219
0.1599999999999987	-0.8809143854769074	1.18613097340793	0.3052165879310226	1.18613097340793	0.5396735688518414
0.1799999999999965	-0.8366525362506387	1.141869159261113	0.30521662301047425	1.141869159261113	0.5198951877878146
0.1999999999999943	-0.7986304314441044	1.1038470739999247	0.3052166425558203	1.1038470739999247	0.5027696648918988
0.2199999999999921	-0.7942538451972464	1.0994704613020247	0.30521661610477824	1.0994704613020247	0.5007215103388369
0.2399999999999899	-0.8180435117564996	1.1232601081240257	0.3052165963675261	1.1232601081240257	0.5113073059030951
0.2599999999999877	-0.8533554260785162	1.1585720025733115	0.30521657649479517	1.1585720025733115	0.527074395279177
0.2799999999999855	-0.8921276341228309	1.1973441913117815	0.30521655718895063	1.1973441913117815	0.544499947516557
0.2999999999999833	-0.9270379009516356	1.2322544664636743	0.3052165655120386	1.2322544664636743	0.5601985973803686
0.3199999999999811	-0.9554206400056027	1.2606371805177583	0.3052165405121555	1.2606371805177583	0.5728625831549344
0.3399999999999789	-0.9651741381885042	1.2703906739335602	0.305216535745056	1.2703906739335602	0.5772719583144855
0.35999999999997667	-0.9629808425818458	1.2681973858532622	0.30521654327141645	1.2681973858532622	0.5762695206477804
0.37999999999997447	-0.9588502892032008	1.2640668356636586	0.30521654646045765	1.2640668356636586	0.574530409767511
0.39999999999997227	-0.958924932854522	1.2641414732044975	0.3052165403499756	1.2641414732044975	0.574614626428194
0.41999999999997006	-0.9658385429080502	1.2710550494780164	0.30521650656996624	1.2710550494780164	0.5777969619808864
0.43999999999996786	-0.974534930549169	1.279751449912989	0.30521651936382	1.279751449912989	0.5818008483774884
0.45999999999996566	-0.9899698480313666	1.2951863290297285	0.30521648099836185	1.2951863290297285	0.5887951146309307
0.47999999999996346	-0.9962151842578054	1.3014316579808565	0.3052164737230511	1.3014316579808565	0.5914865199794951
0.49999999999996125	-0.9875135333423544	1.2927300349878017	0.30521650164544745	1.2927300349878017	0.5875352861615313
0.519999999999959	-0.9892737273817918	1.2944902644590932	0.3052165370773014	1.2944902644590932	0.5883394901650295
0.5399999999999568	-1.0113169498567138	1.316533427041917	0.3052164771852031	1.316533427041917	0.5982926573813158
0.5599999999999546	-1.0169854995905805	1.3222019830277134	0.305216483437133	1.3222019830277134	0.6009350194763117
0.5799999999999524	-1.0089048398164688	1.3141214062425397	0.30521656642607103	1.3141214062425397	0.5971922875900271
0.5999999999999502	-1.0204798605117562	1.3256963898730696	0.30521652936131344	1.3256963898730696	0.6024283734589142
0.619999999999948	-1.0370824630241657	1.3422989849110887	0.3052165218869229	1.3422989849110887	0.6099923354047677
0.6399999999999458	-1.0513696990130277	1.356586224618661	0.3052165256056335	1.356586224618661	0.6165094816332998
0.6599999999999436	-1.0528155601398663	1.358032085827082	0.3052165256872157	1.358032085827082	0.617304260060924
0.6799999999999414	-1.0416774449076154	1.3468939763038388	0.30521653139622346	1.3468939763038388	0.6121928075317841
0.6999999999999392	-1.0276422075951226	1.3328587597564878	0.3052165521613651	1.3328587597564878	0.6056164149601851
0.719999999999937	-1.0207752903866807	1.3259918168359943	0.30521652644931363	1.3259918168359943	0.6024795375654526
0.7399999999999348	-1.0147058307299843	1.3199224015525566	0.3052165708225722	1.3199224015525566	0.5997374177841097
0.7599999999999326	-1.0213276815182617	1.3265442343130973	0.3052165527948356	1.3265442343130973	0.6027887730458555
0.7799999999999304	-1.0365976930737104	1.3418142314693888	0.3052165383956785	1.3418142314693888	0.6098377108513906
0.7999999999999282	-1.0512141321289938	1.3564306918208409	0.3052165596918471	1.3564306918208409	0.6163999380498161
0.819999999999926	-1.0611200224031716	1.366336532931863	0.30521651052869136	1.366336532931863	0.6209109845278026
0.8399999999999238	-1.0519591510586435	1.3571756892528752	0.3052165381942317	1.3571756892528752	0.6166848169135839
0.8599999999999216	-1.0365866122366765	1.3418031788635414	0.30521656662686486	1.3418031788635414	0.6095659381892555
0.8799999999999194	-1.0321597887836256	1.3373763456904109	0.30521655690678534	1.3373763456904109	0.6076709649411606
0.8999999999999172	-1.0353258437729815	1.3405423464291815	0.3052165026562	1.3405423464291815	0.6094738098898104
0.919999999999915	-1.0212909773330272	1.3265075009859955	0.3052165236529682	1.3265075009859955	0.6034968829059598
0.9399999999999128	-1.0063833264047786	1.3115999029036607	0.3052165764988821	1.3115999029036607	0.5964313749497177
0.9599999999999106	-1.0187024130367526	1.32391896109299	0.30521654805623727	1.32391896109299	0.6014969834704206
0.9799999999999084	-1.0414177170388672	1.3466342419935626	0.30521652495469553	1.3466342419935626	0.6118873445546882
0.9999999999999062	-1.0568905277987148	1.3621070565882285	0.3052165287895135	1.3621070565882285	0.6190129246865866
1.019999999999904	-1.0626152886207167	1.367831829817765	0.3052165411970481	1.367831829817765	0.6216657354523167
1.039999999999902	-1.0585318315412906	1.363748397327552	0.30521656578626133	1.363748397327552	0.6197370282507763
1.0599999999998997	-1.05310969079376	1.3583262682357184	0.3052165774419584	1.3583262682357184	0.6172542437331221
1.0799999999998975	-1.0576837684916205	1.3629003144573444	0.3052165459657239	1.3629003144573444	0.6192382768809074
1.0999999999998953	-1.0535069537808768	1.3587234767612721	0.30521652298039537	1.3587234767612721	0.6174862666019527
1.119999999999893	-1.0398780787806434	1.3450946533335866	0.30521657455294304	1.3450946533335866	0.6110900891936217
1.1399999999998909	-1.046247909561945	1.3514644488118626	0.3052165392499175	1.3514644488118626	0.6140412636533606
1.1599999999998887	-1.0571012847353711	1.3623177797596475	0.30521649502427634	1.3623177797596475	0.6193875573491784
1.1799999999998865	-1.058496197936717	1.36371272494017	0.3052165270034531	1.36371272494017	0.6200218085607162
1.1999999999998843	-1.0552913912802842	1.360507909084344	0.30521651780405973	1.360507909084344	0.6188935254463467
1.219999999999882	-1.0469137903661707	1.3521303334686428	0.305216543102472	1.3521303334686428	0.6151378764614955
1.2399999999998799	-1.048147801371548	1.3533643754961346	0.3052165741245868	1.3533643754961346	0.6155471573078966
1.2599999999998777	-1.0665660574687277	1.3717825334187903	0.30521647595006257	1.3717825334187903	0.6238791036741165
1.2799999999998755	-1.0614433993860806	1.366659926802952	0.3052165274168714	1.366659926802952	0.6216370266808035
1.2999999999998733	-1.0554271627828773	1.3606437340158974	0.3052165712330201	1.3606437340158974	0.6188204594006239
1.319999999999871	-1.065787990204579	1.3710045305467355	0.30521654034215656	1.3710045305467355	0.6233614184955288
1.3399999999998689	-1.0690047030302134	1.3742212697095177	0.30521656667930414	1.3742212697095177	0.6246806472804202
1.3599999999998666	-1.0783857350237618	1.3836022889993573	0.3052165539755957	1.3836022889993573	0.628844466736105
1.3799999999998644	-1.0835889487765735	1.3888054915268753	0.30521654275030174	1.3888054915268753	0.6313698691109654
1.3999999999998622	-1.0813000262042254	1.3865166279716097	0.3052166017673844	1.3865166279716097	0.6303219480238499
1.41999999999986	-1.0902362502438427	1.3954528393974404	0.3052165891535977	1.3954528393974404	0.6343126038406989
1.4399999999998578	-1.0968347877709945	1.4020513629222089	0.3052165751512143	1.4020513629222089	0.637349194227508
1.4599999999998556	-1.0858081069277083	1.3910247065806172	0.30521659965290887	1.3910247065806172	0.6320372033892895
1.4799999999998534	-1.0682324716037717	1.3734491243195284	0.3052166527157567	1.3734491243195284	0.6237777133884604
1.4999999999998512	-1.0715985471646385	1.3768151707666414	0.3052166236020029	1.3768151707666414	0.6252468184643798
1.519999999999849	-1.0799054600759121	1.385122050215694	0.30521659013978186	1.385122050215694	0.629155241197715
1.5399999999998468	-1.0754727226935938	1.3806893833429759	0.30521666064938197	1.3806893833429759	0.6274122391290593
1.5599999999998446	-1.0810748235046455	1.3862913807952224	0.30521655729057695	1.3862913807952224	0.630178579571347
1.5799999999998424	-1.067871125000242	1.373087742997702	0.30521661799745997	1.373087742997702	0.6243063472036685
1.5999999999998402	-1.0600314365989423	1.3652480972062293	0.30521666060728697	1.3652480972062293	0.6206527197026106
1.619999999999838	-1.0808619170195934	1.3860785178687849	0.3052166008491913	1.3860785178687849	0.6302618343453814
1.6399999999998358	-1.0960072819299496	1.4012238529468475	0.30521657101689786	1.4012238529468475	0.6369661114381632
1.6599999999998336	-1.0838168718167447	1.3890334716050246	0.30521659978828	1.3890334716050246	0.6311870560438926
1.6799999999998314	-1.0666387760635812	1.3718554289889393	0.3052166529253581	1.3718554289889393	0.6232331707597222
1.6999999999998292	-1.0743958629166783	1.379612443379766	0.3052165804630877	1.379612443379766	0.626841778855722
1.719999999999827	-1.0821413189297442	1.3873579209131786	0.3052166019834345	1.3873579209131786	0.6303965430349456
1.7399999999998248	-1.0808537969135092	1.3860703840327881	0.30521658711927896	1.3860703840327881	0.6296698278154714
1.7599999999998226	-1.0676874683690143	1.3729041045071924	0.305216636138178	1.3729041045071924	0.6235077087577126
1.7799999999998204	-1.0649188184091856	1.3701354459791055	0.30521662756992	1.3701354459791055	0.6221468338079279
1.7999999999998182	-1.0686448316064114	1.373861441063858	0.30521660945744655	1.373861441063858	0.6238215101610909
1.819999999999816	-1.0658824019400384	1.3710990505021328	0.3052166485620945	1.3710990505021328	0.6226449681915585
1.8399999999998138	-1.065093373934384	1.3703099840577202	0.3052166101233364	1.3703099840577202	0.6224887089646499
1.8599999999998116	-1.0572779744474112	1.3624946688716075	0.3052166944241963	1.3624946688716075	0.6188862014176596
1.8799999999998094	-1.068409337855858	1.3736259993154276	0.30521666145956966	1.3736259993154276	0.6240140846065094
1.8999999999998072	-1.0818224256959583	1.387039043535923	0.3052166178399647	1.387039043535923	0.6303999980153299
1.919999999999805	-1.0744547016738495	1.3796713500441953	0.3052166483703459	1.3796713500441953	0.6270712092482241
1.9399999999998028	-1.0653439401667797	1.3705606150552623	0.30521667488848264	1.3705606150552623	0.6227894233095417
1.9599999999998006	-1.069088560785234	1.3743052022342035	0.3052166414489693	1.3743052022342035	0.6244890969699527
1.9799999999997984	-1.0708813328318836	1.3760979373805344	0.3052166045486508	1.3760979373805344	0.6255003630429177
1.9999999999997962	-1.058679453319675	1.3638961211239407	0.3052166678042656	1.3638961211239407	0.6202498737300979
