# t	u	ec	e	T
0.005	-2.4216668565067527	0.9988579795217892	-1.4228088769849636	0.9988579795217892
0.009999999999999995	-2.4173640782784753	0.9945551916474001	-1.4228088866310753	0.9945551916474001
0.014999999999999965	-2.4074825677119547	0.984673665745985	-1.4228089019659693	0.984673665745985
0.019999999999999934	-2.3917602153006627	0.9689512826349592	-1.4228089326657039	0.9689512826349592
0.024999999999999904	-2.3699851098868776	0.9471761890729544	-1.422808920813923	0.9471761890729544
0.029999999999999874	-2.3419981992638665	0.9191892785001358	-1.4228089207637309	0.9191892785001358
0.034999999999999976	-2.30777084852789	0.8849619107245688	-1.4228089378033213	0.8849619107245688
0.04000000000000012	-2.267589867176552	0.844780920692033	-1.4228089464845186	0.844780920692033
0.04500000000000026	-2.2223292238268666	0.7995203238742851	-1.4228088999525819	0.7995203238742851
0.050000000000000405	-2.173716395163198	0.7509075508852666	-1.4228088442779312	0.7509075508852666
0.05500000000000055	-2.124406721186201	0.7015979698090844	-1.4228087513771164	0.7015979698090844
0.06000000000000069	-2.077752496732839	0.6549438416505563	-1.422808655082283	0.6549438416505563
0.06500000000000083	-2.0372419802706614	0.6144334054958985	-1.4228085747747627	0.6144334054958985
0.07000000000000098	-2.005810274483139	0.5830017481103065	-1.422808526372833	0.5830017481103065
0.07500000000000112	-1.9852856764384677	0.5624771638885173	-1.4228085125499503	0.5624771638885173
0.08000000000000126	-1.976152960388172	0.5533444369717051	-1.422808523416467	0.5533444369717051
0.08500000000000141	-1.9776361095589032	0.5548275444807487	-1.4228085650781546	0.5548275444807487
0.09000000000000155	-1.9879902616801781	0.5651816428666452	-1.422808618813533	0.5651816428666452
0.0950000000000017	-2.0048446446114148	0.5820359539026166	-1.4228086907087982	0.5820359539026166
0.10000000000000184	-2.025533345403238	0.6027245911952795	-1.4228087542079582	0.6027245911952795
0.10500000000000198	-2.0474054323900353	0.6245966234026881	-1.4228088089873472	0.6245966234026881
0.11000000000000212	-2.0681329145568816	0.6453240621079495	-1.4228088524489322	0.6453240621079495
0.11500000000000227	-2.0859614571721905	0.6631525921014074	-1.4228088650707833	0.6631525921014074
0.12000000000000241	-2.0998657300782906	0.6770568577109226	-1.4228088723673675	0.6770568577109226
0.12500000000000255	-2.1095738031946993	0.6867649459822565	-1.4228088572124429	0.6867649459822565
0.130000000000002	-2.115466477465893	0.6926576499150617	-1.4228088275508315	0.6926576499150617
0.13500000000000145	-2.118402244978281	0.6955934366899871	-1.4228088082882937	0.6955934366899871
0.1400000000000009	-2.119514131437957	0.6967053520391323	-1.4228087793988249	0.6967053520391323
0.14500000000000035	-2.119998269516132	0.6971895142553514	-1.4228087552607804	0.6971895142553514
0.1499999999999998	-2.1209394146996554	0.6981306853908137	-1.4228087293088418	0.6981306853908137
0.15499999999999925	-2.123146681193445	0.7003379616078873	-1.4228087195855574	0.7003379616078873
0.1599999999999987	-2.1270577225580265	0.7042490031058626	-1.4228087194521637	0.7042490031058626
0.16499999999999815	-2.132735678494471	0.7099269662894323	-1.4228087122050388	0.7099269662894323
0.1699999999999976	-2.139971737237665	0.7171630130562362	-1.4228087241814291	0.7171630130562362
0.17499999999999705	-2.1484390684332224	0.7256303269131442	-1.422808741520078	0.7256303269131442
0.1799999999999965	-2.157824840509436	0.7350160997481041	-1.4228087407613321	0.7350160997481041
0.18499999999999595	-2.1678554415408517	0.7450466998080287	-1.4228087417328232	0.7450466998080287
0.1899999999999954	-2.178220273329271	0.7554115172768071	-1.4228087560524636	0.7554115172768071
0.19499999999999484	-2.188455864604114	0.7656470916178435	-1.4228087729862702	0.7656470916178435
0.1999999999999943	-2.197883005354054	0.7750742063030621	-1.422808799050992	0.7750742063030621
0.20499999999999374	-2.205686325927288	0.7828775072347193	-1.4228088186925687	0.7828775072347193
0.2099999999999932	-2.2111188410551796	0.7883100186699424	-1.422808822385237	0.7883100186699424
0.21499999999999264	-2.2137420903478713	0.7909332773387107	-1.4228088130091607	0.7909332773387107
0.2199999999999921	-2.213591427345014	0.7907826268876618	-1.4228088004573527	0.7907826268876618
0.22499999999999154	-2.2111909469725783	0.7883821782157425	-1.4228087687568358	0.7883821782157425
0.229999999999991	-2.2074478870627305	0.7846391451044987	-1.4228087419582318	0.7846391451044987
0.23499999999999044	-2.2034791158076117	0.7806703936053954	-1.4228087222022163	0.7806703936053954
0.2399999999999899	-2.200433891921395	0.7776251868413828	-1.4228087050800118	0.7776251868413828
0.24499999999998934	-2.1993509904170336	0.7765422850465079	-1.4228087053705258	0.7765422850465079
0.2499999999999888	-2.20104275296591	0.7782340586816103	-1.4228086942842992	0.7782340586816103
0.25499999999998824	-2.205988448507398	0.7831797722476626	-1.4228086762597354	0.7831797722476626
0.2599999999999877	-2.2142603921978257	0.7914517181885417	-1.422808674009284	0.7914517181885417
0.26499999999998713	-2.2254998839742295	0.802691192535097	-1.4228086914391327	0.802691192535097
0.2699999999999866	-2.2389670118389504	0.8161582999349674	-1.422808711903983	0.8161582999349674
0.27499999999998603	-2.2536727033060675	0.830863950494454	-1.4228087528116138	0.830863950494454
0.2799999999999855	-2.2685565689794096	0.8457477776201912	-1.4228087913592184	0.8457477776201912
0.28499999999998493	-2.282667680592738	0.8598588609251152	-1.4228088196676232	0.8598588609251152
0.2899999999999844	-2.29529560880786	0.8724867808876191	-1.422808827920241	0.8724867808876191
0.29499999999998383	-2.3060043540728405	0.8831955292958571	-1.4228088247769832	0.8831955292958571
0.2999999999999833	-2.3145708487798258	0.8917620421939302	-1.4228088065858957	0.8917620421939302
0.30499999999998273	-2.3208617084424263	0.8980528974450577	-1.4228088109973687	0.8980528974450577
0.3099999999999822	-2.3247266594838303	0.9019178488436301	-1.4228088106402002	0.9019178488436301
0.31499999999998163	-2.3259438943974753	0.9031350557439837	-1.4228088386534916	0.9031350557439837
0.3199999999999811	-2.3242190594648138	0.9014101993377532	-1.4228088601270605	0.9014101993377532
0.3249999999999805	-2.3192471564991277	0.8964382865032745	-1.4228088699958534	0.8964382865032745
0.32999999999998	-2.3108103078161335	0.8880014586836702	-1.4228088491324633	0.8880014586836702
0.3349999999999794	-2.298871120061891	0.876062283289159	-1.422808836772732	0.876062283289159
0.3399999999999789	-2.2836370448497108	0.8608281897279316	-1.4228088551217792	0.8608281897279316
0.3449999999999783	-2.265619338099456	0.8428104939332252	-1.4228088441662308	0.8428104939332252
0.3499999999999778	-2.2456272043911394	0.8228183758334238	-1.4228088285577156	0.8228183758334238
0.3549999999999772	-2.2247396142105207	0.8019308081059445	-1.4228088061045765	0.8019308081059445
0.35999999999997667	-2.2042194517257316	0.7814106748439	-1.4228087768818312	0.7814106748439
0.3649999999999761	-2.185394423273978	0.7625856805139977	-1.422808742759981	0.7625856805139977
0.36999999999997557	-2.1694871162887295	0.7466783986515125	-1.4228087176372168	0.7466783986515125
0.374999999999975	-2.1574882112428417	0.7346795089598919	-1.4228087022829499	0.7346795089598919
0.37999999999997447	-2.1501421600366615	0.7273334508592391	-1.4228087091774224	0.7273334508592391
0.3849999999999739	-2.148018903746272	0.7252101754986456	-1.4228087282476265	0.7252101754986456
0.38999999999997337	-2.151578198738073	0.7287694725201566	-1.422808726217916	0.7287694725201566
0.3949999999999728	-2.160974150467183	0.7381654056976947	-1.4228087447694884	0.7381654056976947
0.39999999999997227	-2.175674135507246	0.752865341845313	-1.4228087936619331	0.752865341845313
0.4049999999999717	-2.1941880342564795	0.7713791822111803	-1.422808852045299	0.7713791822111803
0.40999999999997117	-2.2142688677482676	0.7914599566196228	-1.4228089111286448	0.7914599566196228
0.4149999999999706	-2.233496878465855	0.8106879437262322	-1.4228089347396227	0.8106879437262322
0.41999999999997006	-2.2498813008114396	0.8270723437260672	-1.4228089570853724	0.8270723437260672
0.4249999999999695	-2.2621865409717334	0.8393776030600102	-1.422808937911723	0.8393776030600102
0.42999999999996896	-2.2699250961324724	0.8471161691864103	-1.4228089269460622	0.8471161691864103
0.4349999999999684	-2.2732130458785407	0.8504041491083195	-1.4228088967702213	0.8504041491083195
0.43999999999996786	-2.272603150028091	0.8497942769254162	-1.4228088731026747	0.8497942769254162
0.4449999999999673	-2.2689383491451345	0.8461295044033866	-1.4228088447417477	0.8461295044033866
0.44999999999996676	-2.263236571332607	0.8404277501820647	-1.4228088211505423	0.8404277501820647
0.4549999999999662	-2.2565916070147556	0.8337828084578827	-1.4228087985568727	0.8337828084578827
0.45999999999996566	-2.250047197588596	0.8272384293699786	-1.4228087682186175	0.8272384293699786
0.4649999999999651	-2.244443638015799	0.8216348805994458	-1.4228087574163533	0.8216348805994458
0.46999999999996456	-2.2402595086911585	0.8174507457134357	-1.4228087629777226	0.8174507457134357
0.474999999999964	-2.2374438920575983	0.8146350944863872	-1.4228087975712111	0.8146350944863872
0.47999999999996346	-2.2353127341060155	0.8125039023637948	-1.4228088317422205	0.8125039023637948
0.4849999999999629	-2.232644713048112	0.8098358417536629	-1.422808871294449	0.8098358417536629
0.48999999999996235	-2.2280969309136553	0.8052880292621942	-1.4228089016514611	0.8052880292621942
0.4949999999999618	-2.220865158829502	0.7980562594017235	-1.4228088994277783	0.7980562594017235
0.49999999999996125	-2.2112303110179705	0.7884214441235521	-1.4228088668944183	0.7884214441235521
0.5049999999999607	-2.2005187918882223	0.7777099643912655	-1.4228088274969568	0.7777099643912655
0.5099999999999602	-2.1903573302947223	0.7675484850494304	-1.422808845245292	0.7675484850494304
0.5149999999999596	-2.181675143583714	0.7588662748667824	-1.4228088687169318	0.7588662748667824
0.519999999999959	-2.174289768149768	0.7514808799642952	-1.422808888185473	0.7514808799642952
0.5249999999999585	-2.167351853354991	0.7445429354674401	-1.4228089178875514	0.7445429354674401
0.529999999999958	-2.1601492820502384	0.7373403774554375	-1.4228089045948007	0.7373403774554375
0.5349999999999574	-2.1526102060325076	0.7298013153557933	-1.422808890676714	0.7298013153557933
0.5399999999999568	-2.145336462478483	0.7225276021288454	-1.4228088603496376	0.7225276021288454
0.5449999999999563	-2.139346105395322	0.7165372671479812	-1.4228088382473407	0.7165372671479812
0.5499999999999557	-2.1356908514605566	0.7128820465295714	-1.4228088049309848	0.7128820465295714
0.5549999999999552	-2.1350922340273617	0.712283441193031	-1.4228087928343307	0.712283441193031
0.5599999999999546	-2.1376842007252446	0.714875387120124	-1.4228088136051207	0.714875387120124
0.5649999999999541	-2.142961956906422	0.720153118816348	-1.4228088380900743	0.720153118816348
0.5699999999999535	-2.149954538346447	0.7271456756840889	-1.4228088626623583	0.7271456756840889
0.574999999999953	-2.1574978744506077	0.7346889667668625	-1.4228089076837456	0.7346889667668625
0.5799999999999524	-2.164509967856114	0.7417010321929227	-1.4228089356631914	0.7417010321929227
0.5849999999999519	-2.1701983600738335	0.7473894100591997	-1.422808950014634	0.7473894100591997
0.5899999999999513	-2.174245877198082	0.7514369415126562	-1.4228089356854259	0.7514369415126562
0.5949999999999508	-2.1769799796166907	0.7541710813465494	-1.422808898270141	0.7541710813465494
0.5999999999999502	-2.179435945304207	0.7566270734339973	-1.4228088718702099	0.7566270734339973
0.6049999999999497	-2.183100102206105	0.7602912640738407	-1.422808838132264	0.7602912640738407
0.6099999999999491	-2.189238222703791	0.7664293931309127	-1.4228088295728782	0.7664293931309127
0.6149999999999486	-2.19816254518623	0.7753536920724616	-1.4228088531137681	0.7753536920724616
0.619999999999948	-2.2090584628931103	0.7862495827112187	-1.4228088801818917	0.7862495827112187
0.6249999999999475	-2.220491114234519	0.7976821802118738	-1.4228089340226453	0.7976821802118738
0.6299999999999469	-2.2310825380656536	0.8082735815869593	-1.4228089564786943	0.8082735815869593
0.6349999999999464	-2.2398390821190617	0.8170301332813775	-1.422808948837684	0.8170301332813775
0.6399999999999458	-2.2461472303192016	0.8233382804530689	-1.4228089498661327	0.8233382804530689
0.6449999999999453	-2.24967921613382	0.8268702694979616	-1.4228089466358584	0.8268702694979616
0.6499999999999447	-2.2503339932759694	0.8275250941012955	-1.422808899174674	0.8275250941012955
0.6549999999999442	-2.248187904216279	0.8253789865847367	-1.4228089176315422	0.8253789865847367
0.6599999999999436	-2.2434513275490167	0.820642431298505	-1.4228088962505117	0.820642431298505
0.6649999999999431	-2.2364238217914307	0.8136149372390709	-1.4228088845523599	0.8136149372390709
0.6699999999999425	-2.227468208921654	0.8046593369566531	-1.422808871965001	0.8046593369566531
0.674999999999942	-2.2170576707843623	0.7942488101961438	-1.4228088605882185	0.7942488101961438
0.6799999999999414	-2.205880074617168	0.7830712288726202	-1.422808845744548	0.7830712288726202
0.6849999999999409	-2.1949677548992397	0.7721589364389584	-1.4228088184602814	0.7721589364389584
0.6899999999999403	-2.185744892561112	0.7629361161217176	-1.4228087764393942	0.7629361161217176
0.6949999999999398	-2.1798835841845063	0.7570748428314481	-1.422808741353058	0.7570748428314481
0.6999999999999392	-2.1788744520075918	0.7560657258247303	-1.4228087261828615	0.7560657258247303
0.7049999999999387	-2.183430479256515	0.7606217255070794	-1.4228087537494354	0.7606217255070794
0.7099999999999381	-2.193005943549999	0.7701971245181924	-1.4228088190318067	0.7701971245181924
0.7149999999999376	-2.2057698657770466	0.782960987586782	-1.4228088781902648	0.782960987586782
0.719999999999937	-2.219109504154801	0.7963005593858383	-1.4228089447689627	0.7963005593858383
0.7249999999999365	-2.230396978447299	0.8075879924805678	-1.4228089859667312	0.8075879924805678
0.7299999999999359	-2.2376623989016537	0.8148533964403242	-1.4228090024613298	0.8148533964403242
0.7349999999999354	-2.239903242468772	0.8170942298941415	-1.4228090125746309	0.8170942298941415
0.7399999999999348	-2.2370785216578466	0.8142695071808872	-1.4228090144769596	0.8142695071808872
0.7449999999999343	-2.229940442876291	0.8071314749353042	-1.4228089679409863	0.8071314749353042
0.7499999999999337	-2.219858564612065	0.7970496293131167	-1.422808935298948	0.7970496293131167
0.7549999999999332	-2.208647389663723	0.7858385025073445	-1.4228088871563787	0.7858385025073445
0.7599999999999326	-2.1983301115065856	0.7755212707830067	-1.4228088407235788	0.7755212707830067
0.7649999999999321	-2.1908148183072824	0.768006017748842	-1.4228088005584403	0.768006017748842
0.7699999999999315	-2.1875195331239627	0.7647107436812794	-1.4228087894426835	0.7647107436812794
0.774999999999931	-2.18901756123078	0.7662087497846582	-1.4228088114461217	0.7662087497846582
0.7799999999999304	-2.194823318687058	0.7720144754296996	-1.4228088432573585	0.7720144754296996
0.7849999999999299	-2.203451286756704	0.7806424087722666	-1.4228088779844372	0.7806424087722666
0.7899999999999293	-2.2129082530218835	0.7900993323057084	-1.4228089207161754	0.7900993323057084
0.7949999999999288	-2.2214813110797333	0.7986723805123215	-1.4228089305674114	0.7986723805123215
0.7999999999999282	-2.2284335578247623	0.8056246399174504	-1.4228089179073118	0.8056246399174504
0.8049999999999277	-2.2341663067259416	0.8113574292834711	-1.4228088774424703	0.8113574292834711
0.8099999999999271	-2.2397210812090496	0.8169122299936897	-1.4228088512153596	0.8169122299936897
0.8149999999999266	-2.245984415524845	0.8231755596666865	-1.4228088558581584	0.8231755596666865
0.819999999999926	-2.2531525276184787	0.8303436481198938	-1.4228088794985851	0.8303436481198938
0.8249999999999255	-2.2607248715205692	0.8379159745511103	-1.4228088969694588	0.8379159745511103
0.8299999999999249	-2.2678978956555476	0.845088991122043	-1.4228089045335042	0.845088991122043
0.8349999999999244	-2.2740637874959226	0.8512549068147917	-1.4228088806811308	0.8512549068147917
0.8399999999999238	-2.2791078325650944	0.8562989749666353	-1.4228088575984588	0.8562989749666353
0.8449999999999233	-2.2833889961297267	0.8605801527703203	-1.4228088433594064	0.8605801527703203
0.8499999999999227	-2.2874071050032314	0.8645982817077159	-1.4228088232955156	0.8645982817077159
0.8549999999999222	-2.2913764935960264	0.868567672822765	-1.4228088207732614	0.868567672822765
0.8599999999999216	-2.294938438074511	0.8721295956782513	-1.4228088423962595	0.8721295956782513
0.864999999999921	-2.2972028813557315	0.8743940126436702	-1.4228088687120612	0.8743940126436702
0.8699999999999205	-2.297062890188589	0.874254003848138	-1.422808886340451	0.874254003848138
0.87499999999992	-2.2936079981263773	0.8707990997931688	-1.4228088983332083	0.8707990997931688
0.8799999999999194	-2.286478915049565	0.8636700582901518	-1.422808856759413	0.8636700582901518
0.8849999999999189	-2.2760187731512493	0.8532099555687814	-1.4228088175824678	0.8532099555687814
0.8899999999999183	-2.263219505404674	0.8404107145615508	-1.4228087908431235	0.8404107145615508
0.8949999999999178	-2.2495156719457494	0.8267069194493725	-1.4228087524963768	0.8267069194493725
0.8999999999999172	-2.2365250244750885	0.8137163011148371	-1.4228087233602513	0.8137163011148371
0.9049999999999166	-2.225799089913926	0.8029904060282841	-1.4228086838856422	0.8029904060282841
0.9099999999999161	-2.2186077945799574	0.7957991272056126	-1.4228086673743445	0.7957991272056126
0.9149999999999155	-2.2156730777378213	0.7928644119751991	-1.4228086657626224	0.7928644119751991
0.919999999999915	-2.2169278568398885	0.7941191634098307	-1.4228086934300574	0.7941191634098307
0.9249999999999144	-2.221421029649932	0.798612305299186	-1.4228087243507463	0.798612305299186
0.9299999999999139	-2.2275414106228486	0.8047326654277588	-1.42280874519509	0.8047326654277588
0.9349999999999133	-2.2335258598330294	0.8107170404869801	-1.422808819346049	0.8107170404869801
0.9399999999999128	-2.238065783288697	0.815256935972763	-1.4228088473159344	0.815256935972763
0.9449999999999122	-2.2407165036103036	0.817907685501943	-1.4228088181083605	0.817907685501943
0.9499999999999117	-2.2419301531911486	0.8191213574355644	-1.4228087957555844	0.8191213574355644
0.9549999999999111	-2.242729997007234	0.8199212450728968	-1.422808751934337	0.8199212450728968
0.9599999999999106	-2.244193292485958	0.8213845572621704	-1.4228087352237873	0.8213845572621704
0.96499999999991	-2.2469910746114032	0.8241823475529931	-1.4228087270584104	0.8241823475529931
0.9699999999999095	-2.2511732736962786	0.8283645098887198	-1.4228087638075586	0.8283645098887198
0.9749999999999089	-2.256254238859213	0.8334454570559234	-1.4228087818032897	0.8334454570559234
0.9799999999999084	-2.261480936503754	0.8386721585575632	-1.4228087779461907	0.8386721585575632
0.9849999999999078	-2.2661389653777473	0.8433301899035395	-1.422808775474208	0.8433301899035395
0.9899999999999073	-2.269768401909035	0.8469596076129562	-1.4228087942960785	0.8469596076129562
0.9949999999999067	-2.272252375840715	0.8494435945207438	-1.422808781319971	0.8494435945207438
0.9999999999999062	-2.273780137276701	0.8509713398240873	-1.4228087974526136	0.8509713398240873
1.0049999999999057	-2.274749854571206	0.8519410548740673	-1.4228087996971386	0.8519410548740673
1.0099999999999052	-2.2756573877684474	0.8528485967475684	-1.422808791020879	0.8528485967475684
1.0149999999999046	-2.2770064059000488	0.854197630583814	-1.422808775316235	0.854197630583814
1.019999999999904	-2.279234752543308	0.8564259786422015	-1.4228087739011062	0.8564259786422015
1.0249999999999035	-2.282629997106314	0.8598212049236577	-1.4228087921826564	0.8598212049236577
1.029999999999903	-2.2872665218230206	0.8644577344948472	-1.4228087873281736	0.8644577344948472
1.0349999999999024	-2.293006230776221	0.870197473807544	-1.4228087569686767	0.870197473807544
1.039999999999902	-2.2995646116355997	0.8767558407006981	-1.4228087709349015	0.8767558407006981
1.0449999999999013	-2.3065741616139626	0.8837653583028249	-1.4228088033111375	0.8837653583028249
1.0499999999999008	-2.313660137075254	0.8908513257839141	-1.4228088112913397	0.8908513257839141
1.0549999999999002	-2.320472080480502	0.8976632588030945	-1.4228088216774075	0.8976632588030945
1.0599999999998997	-2.3267023644460054	0.9038935472163624	-1.4228088172296431	0.9038935472163624
1.0649999999998991	-2.332122514839057	0.9093137040545689	-1.4228088107844883	0.9093137040545689
1.0699999999998986	-2.3366020991847973	0.913793284611685	-1.4228088145731124	0.913793284611685
1.074999999999898	-2.3400877607695905	0.9172789477024544	-1.422808813067136	0.9172789477024544
1.0799999999998975	-2.3425368433272165	0.919728016116819	-1.4228088272103974	0.919728016116819
1.084999999999897	-2.3438157855370987	0.9210069607018224	-1.4228088248352764	0.9210069607018224
1.0899999999998964	-2.3436409347088887	0.9208320798659098	-1.4228088548429787	0.9208320798659098
1.0949999999998958	-2.341615234600593	0.9188063616275738	-1.422808872973019	0.9188063616275738
1.0999999999998953	-2.3373615267822214	0.9145526452198856	-1.4228088815623356	0.9145526452198856
1.1049999999998947	-2.3306635310340433	0.9078546464184418	-1.4228088846156015	0.9078546464184418
1.1099999999998942	-2.3215402546083634	0.8987313623534028	-1.4228088922549602	0.8987313623534028
1.1149999999998936	-2.310227646066915	0.8874187599517381	-1.4228088861151766	0.8874187599517381
1.119999999999893	-2.2971026824525125	0.8742938061355161	-1.4228088763169964	0.8742938061355161
1.1249999999998925	-2.2826378713212168	0.8598290290710789	-1.4228088422501377	0.8598290290710789
1.129999999999892	-2.2674596499829214	0.8446508431053911	-1.4228088068775302	0.8446508431053911
1.1349999999998914	-2.2524656646821657	0.8296568678229208	-1.422808796859245	0.8296568678229208
1.1399999999998909	-2.23888839655962	0.8160796353584361	-1.4228087612011842	0.8160796353584361
1.1449999999998903	-2.2281344364831144	0.8053256980221429	-1.4228087384609711	0.8053256980221429
1.1499999999998898	-2.2213453532433856	0.798536641792383	-1.4228087114510024	0.798536641792383
1.1549999999998892	-2.218822744822512	0.79601403170686	-1.422808713115652	0.79601403170686
1.1599999999998887	-2.2196498875229502	0.7968411287214586	-1.4228087588014915	0.7968411287214586
1.1649999999998881	-2.221815588228399	0.7990067715268449	-1.4228088167015545	0.7990067715268449
1.1699999999998876	-2.2228431072874026	0.8000342474670761	-1.4228088598203266	0.8000342474670761
1.174999999999887	-2.220657912676792	0.7978489964473033	-1.4228089162294888	0.7978489964473033
1.1799999999998865	-2.2144049747587315	0.7915960655773777	-1.4228089091813536	0.7915960655773777
1.184999999999886	-2.2049548604182174	0.7821459914011651	-1.422808869017052	0.7821459914011651
1.1899999999998854	-2.1948381479491856	0.7720293953450955	-1.42280875260409	0.7720293953450955
1.1949999999998848	-2.1874473699584556	0.7646386968571776	-1.4228086731012781	0.7646386968571776
1.1999999999998843	-2.1856809241358737	0.7628722846871885	-1.4228086394486854	0.7628722846871885
1.2049999999998837	-2.1907136579806337	0.7679050121445602	-1.4228086458360736	0.7679050121445602
1.2099999999998832	-2.2016118292010587	0.7788031352979243	-1.4228086939031344	0.7788031352979243
1.2149999999998826	-2.2159446200161415	0.7931358546450507	-1.4228087653710906	0.7931358546450507
1.219999999999882	-2.2309297210383114	0.8081209230982433	-1.422808797940068	0.8081209230982433
1.2249999999998815	-2.2444270319392325	0.8216182201139303	-1.4228088118253022	0.8216182201139303
1.229999999999881	-2.2553348139307685	0.8325259910206888	-1.4228088229100797	0.8325259910206888
1.2349999999998804	-2.263369301417147	0.8405604735590686	-1.4228088278580784	0.8405604735590686
1.2399999999998799	-2.2686032713638995	0.845794449168541	-1.4228088221953588	0.845794449168541
1.2449999999998793	-2.2711843616970704	0.8483755405052199	-1.4228088211918504	0.8483755405052199
1.2499999999998788	-2.2713685857866412	0.8485597645537625	-1.4228088212328789	0.8485597645537625
1.2549999999998782	-2.2696525981888755	0.8468437985866865	-1.4228087996021892	0.8468437985866865
1.2599999999998777	-2.266699031509297	0.8438902462671426	-1.4228087852421545	0.8438902462671426
1.2649999999998771	-2.263005477173628	0.8401967001029884	-1.4228087770706395	0.8401967001029884
1.2699999999998766	-2.2586188023026477	0.8358100351141877	-1.4228087671884597	0.8358100351141877
1.274999999999876	-2.253207085515929	0.8303983195550907	-1.4228087659608386	0.8303983195550907
1.2799999999998755	-2.2464625951014487	0.8236538465541247	-1.422808748547324	0.8236538465541247
1.284999999999875	-2.238533040213366	0.8157243298828531	-1.4228087103305125	0.8157243298828531
1.2899999999998744	-2.230168025301916	0.8073593389359968	-1.4228086863659195	0.8073593389359968
1.2949999999998738	-2.2225452858735077	0.7997366360266541	-1.4228086498468537	0.7997366360266541
1.2999999999998733	-2.2169124493299925	0.7941038349938768	-1.4228086143361156	0.7941038349938768
1.3049999999998727	-2.214236942800193	0.7914283490421744	-1.422808593758019	0.7914283490421744
1.3099999999998722	-2.215020276005001	0.7922117000395977	-1.4228085759654032	0.7922117000395977
1.3149999999998716	-2.2193076346870027	0.7964990382275573	-1.4228085964594452	0.7964990382275573
1.319999999999871	-2.226851225675277	0.8040426386786446	-1.4228085869966327	0.8040426386786446
1.3249999999998705	-2.237219593876191	0.8144110089044249	-1.422808584971766	0.8144110089044249
1.32999999999987	-2.2497854511801267	0.8269768441226135	-1.422808607057513	0.8269768441226135
1.3349999999998694	-2.263612545952071	0.8408039077356583	-1.4228086382164127	0.8408039077356583
1.3399999999998689	-2.2774415537227592	0.8546328749649129	-1.4228086787578462	0.8546328749649129
1.3449999999998683	-2.289877482968613	0.8670687550606564	-1.4228087279079566	0.8670687550606564
1.3499999999998678	-2.299758946124812	0.8769502221518429	-1.422808723972969	0.8769502221518429
1.3549999999998672	-2.3065036711557836	0.8836949401932017	-1.4228087309625819	0.8836949401932017
1.3599999999998666	-2.3102731498117053	0.8874644525582247	-1.4228086972534808	0.8874644525582247
1.364999999999866	-2.3118604286932483	0.8890517644653927	-1.4228086642278555	0.8890517644653927
1.3699999999998655	-2.3123809774203163	0.8895723495183931	-1.4228086279019232	0.8895723495183931
1.374999999999865	-2.3129306349588354	0.8901220229035322	-1.422808612055303	0.8901220229035322
1.3799999999998644	-2.3143835484298627	0.8915749572321243	-1.4228085911977382	0.8915749572321243
1.384999999999864	-2.317410069348716	0.8946014992525808	-1.422808570096135	0.8946014992525808
1.3899999999998633	-2.3225648166852224	0.8997562226456747	-1.4228085940395476	0.8997562226456747
1.3949999999998628	-2.3302724965343544	0.9074639425274716	-1.4228085540068829	0.9074639425274716
1.3999999999998622	-2.3406446428277365	0.917836083106128	-1.4228085597216085	0.917836083106128
1.4049999999998617	-2.353251457072567	0.9304428469842566	-1.4228086100883104	0.9304428469842566
1.4099999999998611	-2.3670696239112465	0.9442609844604286	-1.422808639450818	0.9442609844604286
1.4149999999998606	-2.380654915112997	0.9578462340077231	-1.4228086811052743	0.9578462340077231
1.41999999999986	-2.3924744919012704	0.9696657950998151	-1.4228086968014555	0.9696657950998151
1.4249999999998595	-2.401235090404307	0.9784263682945564	-1.4228087221097505	0.9784263682945564
1.429999999999859	-2.4060749086312962	0.9832661803147147	-1.4228087283165818	0.9832661803147147
1.4349999999998584	-2.4065806719150853	0.9837719580502393	-1.422808713864846	0.9837719580502393
1.4399999999998578	-2.40271399755665	0.9799052938521383	-1.4228087037045116	0.9799052938521383
1.4449999999998573	-2.394715329586786	0.9719066196189086	-1.4228087099678772	0.9719066196189086
1.4499999999998567	-2.383057906785187	0.9602491734775633	-1.4228087333076234	0.9602491734775633
1.4549999999998562	-2.368462457468645	0.9456537603880356	-1.4228086970806089	0.9456537603880356
1.4599999999998556	-2.351952100972329	0.9291434324921659	-1.4228086684801633	0.9291434324921659
1.464999999999855	-2.3348595931928555	0.9120509621729387	-1.422808631019917	0.9120509621729387
1.4699999999998545	-2.3187219521335973	0.8959133374847075	-1.4228086146488896	0.8959133374847075
1.474999999999854	-2.3049561687945315	0.8821475908419834	-1.4228085779525483	0.8821475908419834
1.4799999999998534	-2.2943371277858216	0.8715285382834268	-1.4228085895023945	0.8715285382834268
1.4849999999998529	-2.286544818648215	0.8637361995901435	-1.4228086190580713	0.8637361995901435
1.4899999999998523	-2.2801940309021034	0.8573853441082708	-1.4228086867938328	0.8573853441082708
1.4949999999998518	-2.27339879989848	0.8505900926686732	-1.422808707229807	0.8505900926686732
1.4999999999998512	-2.2646156221148876	0.8418068794091286	-1.422808742705759	0.8418068794091286
1.5049999999998507	-2.2533080108043273	0.8304992846872693	-1.422808726117058	0.8304992846872693
1.5099999999998501	-2.240154847761549	0.8173461421138032	-1.4228087056477456	0.8173461421138032
1.5149999999998496	-2.2267008088939244	0.8038921374006678	-1.4228086714932566	0.8038921374006678
1.519999999999849	-2.214595552252589	0.7917868795804484	-1.422808672672141	0.7917868795804484
1.5249999999998485	-2.2048272078457964	0.7820185187071255	-1.4228086891386709	0.7820185187071255
1.529999999999848	-2.197431395988437	0.7746226837052056	-1.4228087122832311	0.7746226837052056
1.5349999999998474	-2.1918147780818398	0.7690060471675456	-1.4228087309142945	0.7690060471675456
1.5399999999998468	-2.187387773844117	0.7645790274290225	-1.4228087464150945	0.7645790274290225
1.5449999999998463	-2.1839265359998854	0.7611178075123758	-1.4228087284875095	0.7611178075123758
1.5499999999998457	-2.1814901570491427	0.7586814590975632	-1.4228086979515795	0.7586814590975632
1.5549999999998452	-2.1800602397107816	0.7572515561708419	-1.4228086835399396	0.7572515561708419
1.5599999999998446	-2.179274559828777	0.7564658685989555	-1.4228086912298215	0.7564658685989555
1.564999999999844	-2.1784489317416624	0.7556402238867262	-1.4228087078549363	0.7556402238867262
1.5699999999998435	-2.1769588950124494	0.7541501860058412	-1.4228087090066084	0.7541501860058412
1.574999999999843	-2.1747244189708788	0.7519157354218703	-1.4228086835490084	0.7519157354218703
1.5799999999998424	-2.1724269871682647	0.7496183476492392	-1.4228086395190258	0.7496183476492392
1.5849999999998419	-2.1712467991041917	0.7484382037436617	-1.42280859536053	0.7484382037436617
1.5899999999998413	-2.1722791020515007	0.7494705461637949	-1.4228085558877057	0.7494705461637949
1.5949999999998408	-2.1760171725558144	0.7532085972326457	-1.4228085753231687	0.7532085972326457
1.5999999999998402	-2.1822252052184727	0.7594166023100603	-1.4228086029084124	0.7594166023100603
1.6049999999998397	-2.1901920288773575	0.7673834161077911	-1.4228086127695665	0.7673834161077911
1.6099999999998391	-2.1991521604430604	0.7763435065367585	-1.422808653906302	0.7763435065367585
1.6149999999998386	-2.2085642433495996	0.7857555843909025	-1.422808658958697	0.7857555843909025
1.619999999999838	-2.2181388796274253	0.795330209524925	-1.4228086701025	0.795330209524925
1.6249999999998375	-2.2276901991377605	0.8048815390621442	-1.4228086600756162	0.8048815390621442
1.629999999999837	-2.236936835435249	0.8141281630185031	-1.4228086724167457	0.8141281630185031
1.6349999999998364	-2.2453773272520934	0.8225686511935874	-1.422808676058506	0.8225686511935874
1.6399999999998358	-2.2523311302017954	0.8295224455191709	-1.4228086846826247	0.8295224455191709
1.6449999999998353	-2.257135293663319	0.8343266252066169	-1.422808668456702	0.8343266252066169
1.6499999999998347	-2.2594630669542046	0.8366543772173941	-1.4228086897368104	0.8366543772173941
1.6549999999998342	-2.2596171979231885	0.8368085267871267	-1.4228086711360617	0.8368085267871267
1.6599999999998336	-2.2586172975696264	0.8358086795678661	-1.42280861800176	0.8358086795678661
1.664999999999833	-2.257972434463113	0.835163872973905	-1.422808561489208	0.835163872973905
1.6699999999998325	-2.259179479639521	0.8363709237783259	-1.4228085558611951	0.8363709237783259
1.674999999999832	-2.263229911091669	0.8404213738672152	-1.4228085372244539	0.8404213738672152
1.6799999999998314	-2.270360240652467	0.8475516985044145	-1.422808542148053	0.8475516985044145
1.6849999999998309	-2.280123477567203	0.8573148947742806	-1.422808582792922	0.8573148947742806
1.6899999999998303	-2.291611781846325	0.8688031862574728	-1.4228085955888519	0.8688031862574728
1.6949999999998298	-2.303695243737962	0.8808866251288197	-1.4228086186091422	0.8808866251288197
1.6999999999998292	-2.3151894042659906	0.8923807533062192	-1.422808650959771	0.8923807533062192
1.7049999999998287	-2.324963495141323	0.9021548200269365	-1.4228086751143862	0.9021548200269365
1.709999999999828	-2.3320537086099145	0.9092450301013578	-1.4228086785085565	0.9092450301013578
1.7149999999998276	-2.3358100700817137	0.9130013749883219	-1.4228086950933916	0.9130013749883219
1.719999999999827	-2.3360406263124958	0.9132319439330553	-1.4228086823794406	0.9132319439330553
1.7249999999998264	-2.333107506924817	0.9102988363829516	-1.4228086705418652	0.9102988363829516
1.729999999999826	-2.3278636731461306	0.9050550405008546	-1.4228086326452756	0.9050550405008546
1.7349999999998253	-2.3214229703492832	0.8986143386707558	-1.4228086316785278	0.8986143386707558
1.7399999999998248	-2.314822855486033	0.8920142399228439	-1.4228086155631892	0.8920142399228439
1.7449999999998242	-2.308720800990769	0.88591220594377	-1.4228085950469989	0.88591220594377
1.7499999999998237	-2.3032719128016863	0.8804632916529885	-1.4228086211486979	0.8804632916529885
1.7549999999998231	-2.2982173782421795	0.8754087447642503	-1.4228086334779289	0.8754087447642503
1.7599999999998226	-2.293124366083598	0.8703157114968356	-1.422808654586762	0.8703157114968356
1.764999999999822	-2.2876693702307382	0.8648607241039166	-1.422808646126822	0.8648607241039166
1.7699999999998215	-2.2818720134662245	0.8590633927779189	-1.4228086206883057	0.8590633927779189
1.774999999999821	-2.2762248100046083	0.8534162076937365	-1.4228086023108721	0.8534162076937365
1.7799999999998204	-2.271659255044297	0.8488506856142075	-1.4228085694300894	0.8488506856142075
1.7849999999998198	-2.2693054377508592	0.846496878442963	-1.4228085593078965	0.846496878442963
1.7899999999998193	-2.2700715484642435	0.8472629982017951	-1.4228085502624486	0.8472629982017951
1.7949999999998187	-2.2742107022677285	0.8514021218835087	-1.4228085803842196	0.8514021218835087
1.7999999999998182	-2.2811198253477043	0.8583112107467121	-1.422808614600992	0.8583112107467121
1.8049999999998176	-2.2895054050663077	0.8666967463829142	-1.4228086586833937	0.8666967463829142
1.809999999999817	-2.2978470568292826	0.875038378398183	-1.4228086784310994	0.875038378398183
1.8149999999998165	-2.3049358825948327	0.8821271863056471	-1.422808696289186	0.8821271863056471
1.819999999999816	-2.310224738501942	0.8874160422511511	-1.4228086962507909	0.8874160422511511
1.8249999999998154	-2.3138608128047515	0.8910521355521303	-1.4228086772526212	0.8910521355521303
1.8299999999998149	-2.3163705732956115	0.8935619289620175	-1.4228086443335939	0.8935619289620175
1.8349999999998143	-2.31823593827286	0.8954273046520431	-1.4228086336208168	0.8954273046520431
1.8399999999998138	-2.319652693318147	0.8968440522733653	-1.4228086410447818	0.8968440522733653
1.8449999999998132	-2.3206265585140744	0.8978179239264967	-1.422808634587578	0.8978179239264967
1.8499999999998127	-2.321242061693477	0.8984334400411476	-1.4228086216523292	0.8984334400411476
1.8549999999998121	-2.3218024630696346	0.8989938566079404	-1.422808606461694	0.8989938566079404
1.8599999999998116	-2.322706242616366	0.8998976293346196	-1.4228086132817463	0.8998976293346196
1.864999999999811	-2.3242229930063467	0.9014143964626524	-1.4228085965436943	0.9014143964626524
1.8699999999998105	-2.3263607471819796	0.9035521581721625	-1.4228085890098172	0.9035521581721625
1.87499999999981	-2.32890784243471	0.9060992400868477	-1.4228086023478625	0.9060992400868477
1.8799999999998094	-2.331562572572301	0.9087539738703088	-1.4228085987019927	0.9087539738703088
1.8849999999998088	-2.3340526465759215	0.9112440489056108	-1.4228085976703106	0.9112440489056108
1.8899999999998083	-2.336126263720404	0.9133176632005854	-1.4228086005198188	0.9133176632005854
1.8949999999998077	-2.3374612649065547	0.9146526479154308	-1.4228086169911238	0.9146526479154308
1.8999999999998072	-2.3375517659328753	0.9147431312637192	-1.422808634669156	0.9147431312637192
1.9049999999998066	-2.3357034279276148	0.9128947766680813	-1.4228086512595337	0.9128947766680813
1.909999999999806	-2.3311641868762236	0.9083555206159653	-1.4228086662602581	0.9083555206159653
1.9149999999998055	-2.323374254454221	0.9005655701236495	-1.4228086843305718	0.9005655701236495
1.919999999999805	-2.3121809803775286	0.8893723094673893	-1.4228086709101393	0.8893723094673893
1.9249999999998044	-2.2979257238294615	0.8751170665248807	-1.4228086573045808	0.8751170665248807
1.9299999999998039	-2.281379018076106	0.8585703969729	-1.4228086211032065	0.8585703969729
1.9349999999998033	-2.2636232703445494	0.8408146768699629	-1.4228085934745867	0.8408146768699629
1.9399999999998028	-2.245967051357829	0.8231584863614607	-1.422808564996368	0.8231584863614607
1.9449999999998022	-2.2298739100055283	0.8070653636571352	-1.4228085463483933	0.8070653636571352
1.9499999999998017	-2.2167968009495906	0.793988290577182	-1.4228085103724089	0.793988290577182
1.9549999999998011	-2.207948427835061	0.7851399504043648	-1.4228084774306962	0.7851399504043648
1.9599999999998006	-2.2040833330341765	0.7812748595372383	-1.422808473496938	0.7812748595372383
1.9649999999998	-2.2053164328862875	0.7825079389934002	-1.4228084938928873	0.7825079389934002
1.9699999999997995	-2.211024701589268	0.7882161701875368	-1.4228085314017311	0.7882161701875368
1.974999999999799	-2.2198848675437173	0.7970762904751707	-1.4228085770685466	0.7970762904751707
1.9799999999997984	-2.230059999966332	0.8072513651206867	-1.4228086348456455	0.8072513651206867
1.9849999999997978	-2.23952886277538	0.8167201891949797	-1.4228086735804004	0.8167201891949797
1.9899999999997973	-2.246455910384559	0.8236472136245245	-1.4228086967600344	0.8236472136245245
1.9949999999997967	-2.249559765071767	0.8267510582004359	-1.4228087068713307	0.8267510582004359
1.9999999999997962	-2.248416240277606	0.8256075543287443	-1.4228086859488616	0.8256075543287443
2.0049999999998067	-2.2436799274123485	0.8208712848420626	-1.4228086425702857	0.8208712848420626
2.0099999999998173	-2.23710925886278	0.8143006837698747	-1.4228085750929051	0.8143006837698747
2.014999999999828	-2.2312191253056004	0.8084105992408247	-1.4228085260647754	0.8084105992408247
2.0199999999998384	-2.2285318543136396	0.8057233996839429	-1.4228084546296969	0.8057233996839429
2.024999999999849	-2.230666617454744	0.8078581623782368	-1.4228084550765072	0.8078581623782368
2.0299999999998595	-2.2378066774035914	0.8149982026868634	-1.4228084747167278	0.8149982026868634
2.03499999999987	-2.248878935388034	0.8260704207447627	-1.4228085146432716	0.8260704207447627
2.0399999999998806	-2.2622369992408173	0.8394284601049147	-1.4228085391359024	0.8394284601049147
2.044999999999891	-2.2763381060702135	0.8535295323725859	-1.4228085736976277	0.8535295323725859
2.0499999999999017	-2.290086685840042	0.8672780868772912	-1.4228085989627508	0.8672780868772912
2.0549999999999122	-2.3028645846369273	0.880056006616563	-1.4228085780203643	0.880056006616563
2.059999999999923	-2.31441143866575	0.8916028699256395	-1.4228085687401104	0.8916028699256395
2.0649999999999333	-2.3246647792733786	0.9018562488744888	-1.42280853039889	0.9018562488744888
2.069999999999944	-2.3336174777094545	0.9108089454704305	-1.4228085322390243	0.9108089454704305
2.0749999999999544	-2.3411908269678245	0.9183823008851525	-1.422808526082672	0.9183823008851525
2.079999999999965	-2.347168187403676	0.9243596571059629	-1.4228085302977131	0.9243596571059629
2.0849999999999755	-2.351206325049456	0.928397801067998	-1.422808523981458	0.928397801067998
2.089999999999986	-2.352922591199801	0.9301140331199759	-1.422808558079825	0.9301140331199759
2.0949999999999966	-2.3520154336402554	0.9292068749310621	-1.4228085587091934	0.9292068749310621
2.100000000000007	-2.348400796703686	0.9255922456963088	-1.4228085510073771	0.9255922456963088
2.1050000000000177	-2.3422747951270657	0.9194662590375166	-1.422808536089549	0.9194662590375166
2.1100000000000283	-2.334101495821108	0.911292972386877	-1.4228085234342314	0.911292972386877
2.115000000000039	-2.3245513976927112	0.9017428899340355	-1.4228085077586758	0.9017428899340355
2.1200000000000494	-2.3143899382092084	0.8915814390785386	-1.42280849913067	0.8915814390785386
2.12500000000006	-2.304362907174756	0.8815544297026479	-1.4228084774721084	0.8815544297026479
2.1300000000000705	-2.295129251429576	0.872320789731745	-1.422808461697831	0.872320789731745
2.135000000000081	-2.2872605445167817	0.8644521074763603	-1.4228084370404213	0.8644521074763603
2.1400000000000916	-2.2812835572988432	0.8584751203851738	-1.4228084369136695	0.8584751203851738
2.145000000000102	-2.277737372100031	0.8549289381878384	-1.4228084339121927	0.8549289381878384
2.1500000000001127	-2.277194635746648	0.8543861974440675	-1.4228084383025805	0.8543861974440675
2.1550000000001233	-2.2801357607267234	0.8573273216905192	-1.422808439036204	0.8573273216905192
2.160000000000134	-2.286703463033736	0.8638949888999923	-1.4228084741337435	0.8638949888999923
2.1650000000001444	-2.296431264474457	0.8736227455253223	-1.4228085189491346	0.8736227455253223
2.170000000000155	-2.308119923580934	0.8853113988776866	-1.4228085247032474	0.8853113988776866
2.1750000000001655	-2.3200071418525576	0.897198569795339	-1.4228085720572188	0.897198569795339
2.180000000000176	-2.330204298913389	0.9073957135441572	-1.4228085853692318	0.9073957135441572
2.1850000000001866	-2.3371908836501136	0.9143822831318716	-1.4228086005182417	0.9143822831318716
2.190000000000197	-2.3402365977384334	0.9174280075931479	-1.4228085901452858	0.9174280075931479
2.1950000000002077	-2.3396471990750514	0.9168386474505388	-1.4228085516245124	0.9168386474505388
2.2000000000002182	-2.336769900765697	0.9139613904392025	-1.4228085103264947	0.9139613904392025
2.2050000000002288	-2.333627898122228	0.9108194364453588	-1.4228084616768688	0.9108194364453588
2.2100000000002393	-2.33205266121886	0.9092442010827456	-1.4228084601361144	0.9092442010827456
2.21500000000025	-2.332621945926461	0.9098134652956668	-1.4228084806307946	0.9098134652956668
2.2200000000002604	-2.334203765019942	0.9113951941939225	-1.4228085708260199	0.9113951941939225
2.225000000000271	-2.3345375547319005	0.9117289194295585	-1.4228086353023417	0.9117289194295585
2.2300000000002815	-2.3314285348240635	0.9086198901885022	-1.422808644635561	0.9086198901885022
2.235000000000292	-2.323765114753241	0.9009564756350098	-1.4228086391182313	0.9009564756350098
2.2400000000003026	-2.3119543545431718	0.8891457650423311	-1.4228085895008409	0.8891457650423311
2.245000000000313	-2.2978431579131313	0.8750346474123121	-1.4228085105008192	0.8750346474123121
2.2500000000003237	-2.284221725646929	0.8614132994999941	-1.422808426146935	0.8614132994999941
2.2550000000003343	-2.27401685537501	0.8512084904706749	-1.422808364904335	0.8512084904706749
2.260000000000345	-2.269404441894207	0.8465960956016317	-1.4228083462925754	0.8465960956016317
2.2650000000003554	-2.271205167523276	0.8483967931764677	-1.4228083743468078	0.8483967931764677
2.270000000000366	-2.2787577818015428	0.8559493559962089	-1.4228084258053337	0.8559493559962089
2.2750000000003765	-2.290252913550635	0.8674444195379769	-1.4228084940126577	0.8674444195379769
2.280000000000387	-2.3033144528629395	0.8805058955764131	-1.4228085572865263	0.8805058955764131
2.2850000000003976	-2.3155970684172456	0.8927884641617141	-1.4228086042555312	0.8927884641617141
2.290000000000408	-2.325208498313258	0.9023998533114789	-1.4228086450017792	0.9023998533114789
2.2950000000004187	-2.330929241611946	0.9081206326445609	-1.4228086089673848	0.9081206326445609
2.3000000000004293	-2.332216748982349	0.9094081234504968	-1.4228086255318522	0.9094081234504968
2.30500000000044	-2.3291811320612505	0.9063725200818699	-1.4228086119793806	0.9063725200818699
2.3100000000004504	-2.3225082287024286	0.899699641029311	-1.4228085876731174	0.899699641029311
2.315000000000461	-2.313397552566727	0.8905890014001535	-1.422808551166574	0.8905890014001535
2.3200000000004715	-2.303537858644668	0.880729360449287	-1.4228084981953812	0.880729360449287
2.325000000000482	-2.295103998287082	0.8722955364928179	-1.4228084617942642	0.8722955364928179
2.3300000000004926	-2.2906689410660066	0.8678605324941776	-1.422808408571829	0.8678605324941776
2.335000000000503	-2.292823508069052	0.8700151471018432	-1.4228083609672086	0.8700151471018432
2.3400000000005137	-2.303308235055727	0.880499858678196	-1.4228083763775308	0.880499858678196
2.345000000000524	-2.3218635162789987	0.8990550610175875	-1.4228084552614115	0.8990550610175875
2.3500000000005348	-2.345765419650083	0.9229568671720988	-1.422808552477984	0.9229568671720988
2.3550000000005453	-2.3707692404268843	0.9479605798349259	-1.4228086605919583	0.9479605798349259
2.360000000000556	-2.392864135466446	0.9700554415121893	-1.4228086939542566	0.9700554415121893
2.3650000000005664	-2.409467122016807	0.9866584151460529	-1.422808706870754	0.9866584151460529
2.370000000000577	-2.4195638144628244	0.9967551189725704	-1.422808695490254	0.9967551189725704
2.3750000000005875	-2.42320328838691	1.0003946037713456	-1.4228086846155643	1.0003946037713456
2.380000000000598	-2.420934046382041	0.9981254183854203	-1.4228086279966203	0.9981254183854203
2.3850000000006086	-2.4133983926935967	0.9905897522244126	-1.4228086404691842	0.9905897522244126
2.390000000000619	-2.401194241347543	0.9783855946087853	-1.4228086467387577	0.9783855946087853
2.3950000000006297	-2.3849421264085997	0.9621334973693575	-1.422808629039242	0.9621334973693575
2.4000000000006403	-2.365520940415659	0.9427123478361195	-1.4228085925795397	0.9427123478361195
2.405000000000651	-2.344408432003522	0.921599889744368	-1.4228085422591539	0.921599889744368
2.4100000000006614	-2.323884534147867	0.9010760466354126	-1.4228084875124545	0.9010760466354126
2.415000000000672	-2.3067883251735104	0.8839799235488272	-1.4228084016246831	0.8839799235488272
2.4200000000006825	-2.29569849233172	0.8728901292446145	-1.4228083630871056	0.8728901292446145
2.425000000000693	-2.291948788484958	0.8691404123920847	-1.4228083760928731	0.8691404123920847
2.4300000000007036	-2.2951996869781266	0.872391271102437	-1.4228084158756895	0.872391271102437
2.435000000000714	-2.30382427943109	0.8810158217516948	-1.422808457679395	0.8810158217516948
2.4400000000007247	-2.315715015804191	0.8929064853352686	-1.4228085304689222	0.8929064853352686
2.4450000000007353	-2.328861401924429	0.9060528255271991	-1.4228085763972296	0.9060528255271991
2.450000000000746	-2.3414984501518266	0.9186898445652648	-1.4228086055865616	0.9186898445652648
2.4550000000007564	-2.3519943926706635	0.9291857338490267	-1.422808658821637	0.9291857338490267
2.460000000000767	-2.3587550342901453	0.9359463230358749	-1.4228087112542704	0.9359463230358749
2.4650000000007775	-2.3603004593587382	0.937491730973608	-1.42280872838513	0.937491730973608
2.470000000000788	-2.3555615831545094	0.9327528251261273	-1.4228087580283821	0.9327528251261273
2.4750000000007986	-2.344285372706996	0.9214766215890736	-1.4228087511179226	0.9214766215890736
2.480000000000809	-2.3273634044444718	0.9045547047944509	-1.4228086996500213	0.9045547047944509
2.4850000000008197	-2.306983604469486	0.8841749656159166	-1.4228086388535692	0.8841749656159166
2.49000000000083	-2.2863864792147943	0.8635779741390789	-1.4228085050757153	0.8635779741390789
2.4950000000008408	-2.269180082038666	0.846371656493432	-1.4228084255452342	0.846371656493432
2.5000000000008513	-2.2583581379266944	0.835549747982173	-1.4228083899445212	0.835549747982173
2.505000000000862	-2.2554516212068223	0.8326432441864854	-1.422808377020337	0.8326432441864854
2.5100000000008724	-2.2602340507712846	0.8374256176318167	-1.4228084331394677	0.8374256176318167
2.515000000000883	-2.2711093536380527	0.8483008707918097	-1.422808482846243	0.8483008707918097
2.5200000000008935	-2.2857788320078583	0.8629702715900749	-1.4228085604177831	0.8629702715900749
2.525000000000904	-2.301812138125325	0.8790035024097707	-1.422808635715554	0.8790035024097707
2.5300000000009146	-2.3169356541438773	0.8941269698009868	-1.4228086843428907	0.8941269698009868
2.535000000000925	-2.3291069971248892	0.9062982631675567	-1.4228087339573328	0.9062982631675567
2.5400000000009357	-2.336538315589332	0.9137295513364729	-1.422808764252859	0.9137295513364729
2.5450000000009463	-2.3378791133457337	0.9150703333048429	-1.4228087800408906	0.9150703333048429
2.550000000000957	-2.332578680961833	0.9097699158062521	-1.4228087651555807	0.9097699158062521
2.5550000000009674	-2.321308682060909	0.8984999882762065	-1.4228086937847024	0.8984999882762065
2.560000000000978	-2.306142824099711	0.8833342072684479	-1.4228086168312633	0.8833342072684479
2.5650000000009885	-2.2903085705940733	0.8675000483731656	-1.4228085222209077	0.8675000483731656
2.570000000000999	-2.2775165646073225	0.8547081259308534	-1.4228084386764692	0.8547081259308534
2.5750000000010096	-2.270972120525591	0.8481637331474736	-1.4228083873781174	0.8481637331474736
2.58000000000102	-2.272453434573679	0.8496450550389574	-1.4228083795347217	0.8496450550389574
2.5850000000010307	-2.2819248375428955	0.8591163982692138	-1.4228084392736815	0.8591163982692138
2.5900000000010412	-2.2978164954489606	0.8750079940757964	-1.4228085013731642	0.8750079940757964
2.595000000001052	-2.317745053750692	0.8949365094437401	-1.4228085443069518	0.8949365094437401
2.6000000000010624	-2.3392543633345753	0.9164457869043595	-1.4228085764302159	0.9164457869043595
2.605000000001073	-2.360281948540597	0.9374733455744001	-1.4228086029661966	0.9374733455744001
2.6100000000010835	-2.379329112412322	0.9565205109455048	-1.4228086014668166	0.9565205109455048
2.615000000001094	-2.3954253954232745	0.9726167882707121	-1.422808607152562	0.9726167882707121
2.6200000000011046	-2.4079725834333177	0.9851639841355945	-1.4228085992977233	0.9851639841355945
2.625000000001115	-2.41660352518546	0.9937949055902331	-1.422808619595227	0.9937949055902331
2.6300000000011257	-2.4211034937220575	0.998294875105905	-1.4228086186161526	0.998294875105905
2.635000000001136	-2.421395850810012	0.9985872560274628	-1.4228085947825497	0.9985872560274628
2.6400000000011468	-2.417601273907159	0.9947926963022258	-1.4228085776049333	0.9947926963022258
2.6450000000011573	-2.410118119629934	0.9873095374432762	-1.422808582186658	0.9873095374432762
2.650000000001168	-2.3996572331404113	0.9768486698924377	-1.4228085632479734	0.9768486698924377
2.6550000000011784	-2.3871605328031142	0.9643519936112973	-1.422808539191817	0.9643519936112973
2.660000000001189	-2.3736014187274304	0.9507928929045363	-1.4228085258228937	0.9507928929045363
2.6650000000011995	-2.3597302989775826	0.9369218012626298	-1.4228084977149524	0.9369218012626298
2.67000000000121	-2.345847085411135	0.9230385735457288	-1.4228085118654064	0.9230385735457288
2.6750000000012206	-2.3317033809354197	0.9088948271694544	-1.4228085537659654	0.9088948271694544
2.680000000001231	-2.3165827470400546	0.893774201004019	-1.4228085460360356	0.893774201004019
2.6850000000012417	-2.2995478417117603	0.8767392848558793	-1.422808556855881	0.8767392848558793
2.6900000000012523	-2.279785464782832	0.8569768959601797	-1.4228085688226526	0.8569768959601797
2.695000000001263	-2.2570316638909618	0.8342231029267281	-1.4228085609642336	0.8342231029267281
2.7000000000012734	-2.2319009373150136	0.8090924513032209	-1.4228084860117927	0.8090924513032209
2.705000000001284	-2.206058777326507	0.7832503695109493	-1.4228084078155576	0.7832503695109493
2.7100000000012945	-2.1820633447561235	0.7592550119818384	-1.422808332774285	0.7592550119818384
2.715000000001305	-2.16285312586594	0.7400448456525744	-1.4228082802133657	0.7400448456525744
2.7200000000013156	-2.150918442919846	0.7281102045180934	-1.4228082384017529	0.7281102045180934
2.725000000001326	-2.1475366665454603	0.7247284277140335	-1.4228082388314265	0.7247284277140335
2.7300000000013367	-2.152397305147991	0.7295890254763471	-1.422808279671644	0.7295890254763471
2.7350000000013472	-2.1638184767476236	0.7410101359671701	-1.4228083407804535	0.7410101359671701
2.740000000001358	-2.179402410251517	0.7565940048216155	-1.4228084054299013	0.7565940048216155
2.7450000000013683	-2.196804513118102	0.7739960514769193	-1.4228084616411827	0.7739960514769193
2.750000000001379	-2.214304930856227	0.7914964571284299	-1.422808473727797	0.7914964571284299
2.7550000000013894	-2.231037330560456	0.8082288602658823	-1.4228084702945738	0.8082288602658823
2.7600000000014	-2.246859491936295	0.8240510193451864	-1.4228084725911088	0.8240510193451864
2.7650000000014106	-2.2619852682203963	0.8391768084574457	-1.4228084597629507	0.8391768084574457
2.770000000001421	-2.2765605932019297	0.8537521275465936	-1.4228084656553364	0.8537521275465936
2.7750000000014317	-2.2903443212440484	0.8675358344389883	-1.4228084868050601	0.8675358344389883
2.780000000001442	-2.302606874661961	0.8797983487092579	-1.4228085259527028	0.8797983487092579
2.7850000000014528	-2.31225654070626	0.8894479716421568	-1.422808569064103	0.8894479716421568
2.7900000000014633	-2.3181225877336855	0.8953139889060867	-1.422808598827599	0.8953139889060867
2.795000000001474	-2.319306980949643	0.8964983872251545	-1.4228085937244885	0.8964983872251545
2.8000000000014844	-2.31547933184829	0.8926707378009422	-1.4228085940473476	0.8926707378009422
2.805000000001495	-2.3071142074290254	0.8843056422912399	-1.4228085651377853	0.8843056422912399
2.8100000000015055	-2.2956986039063088	0.8728901054615679	-1.4228084984447409	0.8728901054615679
2.815000000001516	-2.2837010657628976	0.8608926480699192	-1.4228084176929787	0.8608926480699192
2.8200000000015266	-2.27393688322545	0.8511285232543352	-1.422808359971115	0.8511285232543352
2.825000000001537	-2.268333058063271	0.8455247084255272	-1.4228083496377435	0.8455247084255272
2.8300000000015477	-2.26699811818526	0.8441897385884335	-1.4228083795968265	0.8441897385884335
2.8350000000015583	-2.2684962775762103	0.8456878632708873	-1.422808414305323	0.8456878632708873
2.840000000001569	-2.2710382383251937	0.848229777640194	-1.4228084606849996	0.848229777640194
2.8450000000015794	-2.2735409742205483	0.8507325367490549	-1.4228084374714933	0.8507325367490549
2.85000000000159	-2.2760399701772274	0.8532315808413315	-1.4228083893358956	0.8532315808413315
2.8550000000016005	-2.2795974833732005	0.8567891703674665	-1.4228083130057336	0.8567891703674665
2.860000000001611	-2.2858785296356796	0.8630702485883097	-1.4228082810473697	0.8630702485883097
2.8650000000016216	-2.296411637723633	0.8736033806740461	-1.4228082570495872	0.8736033806740461
2.870000000001632	-2.311774775418441	0.8889664789543729	-1.422808296464068	0.8889664789543729
2.8750000000016427	-2.331195897772412	0.908387576896543	-1.4228083208758693	0.908387576896543
2.8800000000016532	-2.3528805502222485	0.9300721819329848	-1.4228083682892636	0.9300721819329848
2.885000000001664	-2.3747331168922203	0.9519247501428825	-1.4228083667493376	0.9519247501428825
2.8900000000016743	-2.394952126644053	0.9721437145642156	-1.4228084120798374	0.9721437145642156
2.895000000001685	-2.4122506356231694	0.9894422119768893	-1.42280842364628	0.9894422119768893
2.9000000000016954	-2.4258164492091376	1.0030080316942276	-1.42280841751491	1.0030080316942276
2.905000000001706	-2.4351743574078593	1.0123659264178313	-1.4228084309900282	1.0123659264178313
2.9100000000017165	-2.4400822148634855	1.0172737901931548	-1.4228084246703303	1.0172737901931548
2.915000000001727	-2.4405261680663086	1.0177177477759929	-1.422808420290316	1.0177177477759929
2.9200000000017377	-2.436807194788374	1.013998787642836	-1.4228084071455378	1.013998787642836
2.925000000001748	-2.429639328645304	1.0068309583846902	-1.4228083702606142	1.0068309583846902
2.9300000000017588	-2.4201646118412	0.9973562930642602	-1.4228083187769403	0.9973562930642602
2.9350000000017693	-2.4098314549278346	0.9870231920921197	-1.4228082628357146	0.9870231920921197
2.94000000000178	-2.400126115566701	0.9773178943295613	-1.4228082212371396	0.9773178943295613
2.9450000000017904	-2.3921923227639095	0.9693841286647893	-1.42280819409912	0.9693841286647893
2.950000000001801	-2.3864715112702086	0.9636633243885601	-1.4228081868816487	0.9636633243885601
2.9550000000018115	-2.3825675053536925	0.9597592831855525	-1.42280822216814	0.9597592831855525
2.960000000001822	-2.379500653120406	0.9566924113971151	-1.4228082417232906	0.9566924113971151
2.9650000000018326	-2.376273655387979	0.9534654036562529	-1.422808251731726	0.9534654036562529
2.970000000001843	-2.3723558370900037	0.9495476022936991	-1.4228082347963045	0.9495476022936991
2.9750000000018537	-2.3678286140825797	0.9450204015479202	-1.4228082125346595	0.9450204015479202
2.9800000000018643	-2.363221371440494	0.9404131623845358	-1.4228082090559582	0.9404131623845358
2.985000000001875	-2.3591855888389333	0.9363773876189849	-1.4228082012199486	0.9363773876189849
2.9900000000018854	-2.356230525099135	0.9334223390160146	-1.42280818608312	0.9334223390160146
2.995000000001896	-2.354586147919636	0.9317779470335268	-1.4228082008861092	0.9317779470335268
3.0000000000019065	-2.354167134815368	0.9313589004528667	-1.4228082343625017	0.9313589004528667
3.005000000001917	-2.35457297775302	0.931764733763881	-1.4228082439891387	0.931764733763881
3.0100000000019276	-2.355165619273684	0.9323573433278145	-1.4228082759458693	0.9323573433278145
3.015000000001938	-2.3552090907011074	0.9324008278958984	-1.422808262805209	0.9324008278958984
3.0200000000019487	-2.354036256886751	0.9312279923433671	-1.4228082645433842	0.9312279923433671
3.0250000000019592	-2.3511786945059705	0.9283703946032574	-1.4228082999027132	0.9283703946032574
3.03000000000197	-2.346384576648286	0.923576254929683	-1.4228083217186032	0.923576254929683
3.0350000000019803	-2.3395842757904823	0.9167759582424462	-1.4228083175480362	0.9167759582424462
3.040000000001991	-2.330858513464221	0.9080502024430633	-1.4228083110211578	0.9080502024430633
3.0450000000020014	-2.320478933346455	0.8976706369077644	-1.4228082964386903	0.8976706369077644
3.050000000002012	-2.309005038961305	0.886196750209349	-1.422808288751956	0.886196750209349
3.0550000000020225	-2.29737205281703	0.8745637979567406	-1.4228082548602894	0.8745637979567406
3.060000000002033	-2.2868691217548562	0.864060884136685	-1.4228082376181714	0.864060884136685
3.0650000000020436	-2.2788629451266327	0.8560547236887598	-1.422808221437873	0.8560547236887598
3.070000000002054	-2.2743303898163694	0.8515221878598942	-1.4228082019564752	0.8515221878598942
3.0750000000020647	-2.2735075084330743	0.8506992823070665	-1.4228082261260078	0.8506992823070665
3.0800000000020753	-2.275981752953915	0.8531735107820146	-1.4228082421719	0.8531735107820146
3.085000000002086	-2.2811576397911364	0.8583493940638576	-1.4228082457272788	0.8583493940638576
3.0900000000020964	-2.2886020946699657	0.8657938684866359	-1.42280822618333	0.8657938684866359
3.095000000002107	-2.2979762685809626	0.8751680275660508	-1.4228082410149119	0.8751680275660508
3.1000000000021175	-2.3086820670933648	0.8858737859998496	-1.4228082810935152	0.8858737859998496
3.105000000002128	-2.319620050067671	0.8968117302101112	-1.4228083198575598	0.8968117302101112
3.1100000000021386	-2.3293295729194425	0.9065212092376556	-1.4228083636817872	0.9065212092376556
3.115000000002149	-2.336417294336183	0.913608933768876	-1.4228083605673072	0.913608933768876
3.1200000000021597	-2.340010607023162	0.9172022415288733	-1.422808365494289	0.9172022415288733
3.1250000000021703	-2.3399831670309528	0.9171748329950191	-1.4228083340359339	0.9171748329950191
3.130000000002181	-2.336890632357266	0.914082326471868	-1.422808305885398	0.914082326471868
3.1350000000021914	-2.33170297447643	0.9088946871168582	-1.4228082873595722	0.9088946871168582
3.140000000002202	-2.325449449008379	0.9026411716118504	-1.422808277396528	0.9026411716118504
3.1450000000022125	-2.3188782747438657	0.8960700092997471	-1.4228082654441188	0.8960700092997471
3.150000000002223	-2.3122755687360876	0.8894672882044847	-1.422808280531603	0.8894672882044847
3.1550000000022336	-2.30545708892537	0.8826488107894871	-1.422808278135883	0.8826488107894871
3.160000000002244	-2.298031846256859	0.8752235616609532	-1.4228082845959056	0.8752235616609532
3.1650000000022547	-2.2898594931054044	0.867051215398081	-1.4228082777073234	0.867051215398081
3.1700000000022652	-2.2816233053199793	0.8588150826824917	-1.4228082226374874	0.8588150826824917
3.175000000002276	-2.275215835880606	0.8524076649648532	-1.4228081709157525	0.8524076649648532
3.1800000000022863	-2.273349432418144	0.8505413195489072	-1.422808112869237	0.8505413195489072
3.185000000002297	-2.278122386493208	0.8553142587859207	-1.4228081277072873	0.8553142587859207
3.1900000000023074	-2.2893987943354737	0.8665906239992487	-1.422808170336225	0.8665906239992487
3.195000000002318	-2.3045726167947485	0.8817643484383741	-1.422808268356374	0.8817643484383741
3.2000000000023285	-2.319984614008791	0.897176270977804	-1.4228083430309872	0.897176270977804
3.205000000002339	-2.3326459302945532	0.909837567936355	-1.4228083623581984	0.909837567936355
3.2100000000023496	-2.3410219709549964	0.918213622289083	-1.4228083486659135	0.918213622289083
3.21500000000236	-2.34490738960662	0.9220990488403785	-1.4228083407662415	0.9220990488403785
3.2200000000023707	-2.3449386642608228	0.9221303872911362	-1.4228082769696868	0.9221303872911362
3.2250000000023813	-2.3421379935154287	0.9193297428346107	-1.4228082506808182	0.9193297428346107
3.230000000002392	-2.337595025539163	0.9147868037476549	-1.4228082217915086	0.9147868037476549
3.2350000000024024	-2.332258505206549	0.9094503074949459	-1.4228081977116034	0.9094503074949459
3.240000000002413	-2.3267964456531116	0.9039882662445825	-1.4228081794085292	0.9039882662445825
3.2450000000024235	-2.3215393795356167	0.8987311961961333	-1.4228081833394832	0.8987311961961333
3.250000000002434	-2.3165687634262424	0.8937605769387773	-1.422808186487465	0.8937605769387773
3.2550000000024446	-2.311944615175423	0.8891364254122397	-1.4228081897631837	0.8891364254122397
3.260000000002455	-2.307925320175167	0.8851171389447008	-1.4228081812304658	0.8851171389447008
3.2650000000024657	-2.3049500518821358	0.8821418798174402	-1.4228081720646957	0.8821418798174402
3.2700000000024763	-2.3032954423886904	0.8804872417372185	-1.4228082006514717	0.8804872417372185
3.275000000002487	-2.3026349506260972	0.8798266841417403	-1.422808266484357	0.8798266841417403
3.2800000000024974	-2.3019309439923816	0.879122634236692	-1.4228083097556896	0.879122634236692
3.285000000002508	-2.2998755016345918	0.8770671738204164	-1.4228083278141752	0.8770671738204164
3.2900000000025185	-2.2955233053009323	0.8727149781202583	-1.4228083271806742	0.8727149781202583
3.295000000002529	-2.2887877188599184	0.8659794332576696	-1.4228082856022484	0.8659794332576696
3.3000000000025396	-2.280656686500052	0.8578484539192448	-1.4228082325808071	0.8578484539192448
3.30500000000255	-2.2731737098228604	0.8503655474246701	-1.4228081623981905	0.8503655474246701
3.3100000000025607	-2.269077418427313	0.8462693328299988	-1.4228080855973142	0.8462693328299988
3.3150000000025712	-2.2709524117854856	0.8481443329349598	-1.4228080788505257	0.8481443329349598
3.3200000000025818	-2.280092330584814	0.8572842359631839	-1.4228080946216302	0.8572842359631839
3.3250000000025923	-2.2957475512320626	0.8729393968424994	-1.422808154389563	0.8729393968424994
3.330000000002603	-2.3153527761399038	0.8925445310320553	-1.4228082451078483	0.8925445310320553
3.3350000000026134	-2.3355723823296333	0.9127640820493426	-1.4228083002802907	0.9127640820493426
3.340000000002624	-2.3534529110461113	0.9306445611909665	-1.422808349855145	0.9306445611909665
3.3450000000026345	-2.367098428953749	0.9442900754272684	-1.4228083535264806	0.9442900754272684
3.350000000002645	-2.375775235152386	0.9529668951366375	-1.4228083400157485	0.9529668951366375
3.3550000000026556	-2.379633946852942	0.9568256393996171	-1.4228083074533249	0.9568256393996171
3.360000000002666	-2.3792605511705984	0.9564522648167157	-1.4228082863538827	0.9564522648167157
3.3650000000026767	-2.375295451997609	0.9524871746766378	-1.4228082773209711	0.9524871746766378
3.3700000000026873	-2.368238497974899	0.94543023832969	-1.422808259645209	0.94543023832969
3.375000000002698	-2.3584712720123857	0.9356630055852125	-1.422808266427173	0.9356630055852125
3.3800000000027084	-2.346426522628459	0.9236182795096817	-1.4228082431187772	0.9236182795096817
3.385000000002719	-2.332793047692788	0.9099848132197259	-1.4228082344730622	0.9099848132197259
3.3900000000027295	-2.318611627904115	0.8958034100680418	-1.4228082178360735	0.8958034100680418
3.39500000000274	-2.3051933220676135	0.8823851382007679	-1.4228081838668454	0.8823851382007679
3.4000000000027506	-2.2938834477405448	0.8710752703228198	-1.422808177417725	0.8710752703228198
3.405000000002761	-2.285789240231075	0.8629810774302108	-1.4228081628008642	0.8629810774302108
3.4100000000027717	-2.28154767922757	0.8587395140522709	-1.422808165175299	0.8587395140522709
3.4150000000027823	-2.2812122037297766	0.8584040240310625	-1.422808179698714	0.8584040240310625
