# t	u	ec	e	T
0.005	-2.4169926754553126	0.9963756166090404	-1.420617058846272	0.9963756166090404
0.009999999999999995	-2.4050396873381477	0.9844226427806747	-1.420617044557473	0.9844226427806747
0.014999999999999965	-2.3855345135052985	0.964917500470854	-1.4206170130344447	0.964917500470854
0.019999999999999934	-2.359316607992098	0.9386996168687025	-1.4206169911233957	0.9386996168687025
0.024999999999999904	-2.3272388232443206	0.9066218447180304	-1.42061697852629	0.9066218447180304
0.029999999999999874	-2.2900206877612654	0.8694037140674105	-1.4206169736938552	0.8694037140674105
0.034999999999999976	-2.2482311282619296	0.8276141749062026	-1.4206169533557271	0.8276141749062026
0.04000000000000012	-2.2025089939201776	0.7818920643632212	-1.420616929556956	0.7818920643632212
0.04500000000000026	-2.153978861585795	0.7333619651130381	-1.4206168964727568	0.7333619651130381
0.050000000000000405	-2.1046447772553982	0.6840279435985809	-1.4206168336568175	0.6840279435985809
0.05500000000000055	-2.05750176222639	0.6368850029945545	-1.420616759231835	0.6368850029945545
0.06000000000000069	-2.016183271307504	0.5955665953950059	-1.4206166759124976	0.5955665953950059
0.06500000000000083	-1.984220736366754	0.5636041205970624	-1.4206166157696913	0.5636041205970624
0.07000000000000098	-1.9641950389665621	0.5435784467997122	-1.4206165921668497	0.5435784467997122
0.07500000000000112	-1.957176322741565	0.5365597214881244	-1.4206166012534407	0.5365597214881244
0.08000000000000126	-1.9626319658355993	0.5420153260564134	-1.420616639779186	0.5420153260564134
0.08500000000000141	-1.9787405754916052	0.558123877505023	-1.4206166979865822	0.558123877505023
0.09000000000000155	-2.0028825768704674	0.5822658249641072	-1.4206167519063602	0.5822658249641072
0.0950000000000017	-2.0321345383619995	0.6115177210496997	-1.4206168173122997	0.6115177210496997
0.10000000000000184	-2.0636247216409074	0.6430078366877445	-1.4206168849531629	0.6430078366877445
0.10500000000000198	-2.0947635923213492	0.674146653849631	-1.420616938471718	0.674146653849631
0.11000000000000212	-2.123358760359124	0.7027417884527917	-1.4206169719063326	0.7027417884527917
0.11500000000000227	-2.1476838477247564	0.7270668505332988	-1.4206169971914573	0.7270668505332988
0.12000000000000241	-2.1665210289237966	0.7459040179338988	-1.4206170109898977	0.7459040179338988
0.12500000000000255	-2.1791944556553293	0.7585774481390282	-1.4206170075163016	0.7585774481390282
0.130000000000002	-2.185582802906247	0.7649658080309352	-1.4206169948753113	0.7649658080309352
0.13500000000000145	-2.186109226349396	0.765492257464175	-1.420616968885221	0.765492257464175
0.1400000000000009	-2.181692630576927	0.7610756760485811	-1.4206169545283458	0.7610756760485811
0.14500000000000035	-2.1736363270219883	0.7530194106473296	-1.4206169163746585	0.7530194106473296
0.1499999999999998	-2.1634636948434913	0.7428468194548543	-1.4206168753886368	0.7428468194548543
0.15499999999999925	-2.152720221151897	0.7321033706615183	-1.4206168504903787	0.7321033706615183
0.1599999999999987	-2.142774963758717	0.7221581388806645	-1.4206168248780522	0.7221581388806645
0.16499999999999815	-2.1346898731422628	0.7140730647678656	-1.4206168083743973	0.7140730647678656
0.1699999999999976	-2.1291655293831178	0.7085487410880276	-1.4206167882950902	0.7085487410880276
0.17499999999999705	-2.126568729238758	0.7059519481537647	-1.4206167810849935	0.7059519481537647
0.1799999999999965	-2.1270084693385356	0.706391664963789	-1.4206168043747465	0.706391664963789
0.18499999999999595	-2.130399371792864	0.7097825685666411	-1.420616803226223	0.7097825685666411
0.1899999999999954	-2.1364995929593023	0.715882781437173	-1.4206168115221294	0.715882781437173
0.19499999999999484	-2.1449260536054022	0.7243092383936872	-1.420616815211715	0.7243092383936872
0.1999999999999943	-2.155152531070744	0.7345357015227937	-1.42061682954795	0.7345357015227937
0.20499999999999374	-2.1665163565707153	0.7458995096673362	-1.420616846903379	0.7458995096673362
0.2099999999999932	-2.1782571040166734	0.757640245869791	-1.4206168581468825	0.757640245869791
0.21499999999999264	-2.1895713113583533	0.7689544315180042	-1.4206168798403491	0.7689544315180042
0.2199999999999921	-2.199691069404539	0.7790741738585247	-1.4206168955460146	0.7790741738585247
0.22499999999999154	-2.2079664494346507	0.7873495292284542	-1.4206169202061962	0.7873495292284542
0.229999999999991	-2.2139291303987076	0.7933121888303721	-1.4206169415683354	0.7933121888303721
0.23499999999999044	-2.217344696720381	0.796727744632233	-1.4206169520881486	0.796727744632233
0.2399999999999899	-2.218197167535371	0.7975802177317144	-1.4206169498036567	0.7975802177317144
0.24499999999998934	-2.216649675896282	0.7960327405375047	-1.4206169353587774	0.7960327405375047
0.2499999999999888	-2.2129884508121886	0.7923715261202595	-1.4206169246919291	0.7923715261202595
0.25499999999998824	-2.2075825742959068	0.7869656304149243	-1.4206169438809826	0.7869656304149243
0.2599999999999877	-2.200863276789635	0.7802463213244861	-1.4206169554651489	0.7802463213244861
0.26499999999998713	-2.193322195859151	0.7727052503742295	-1.4206169454849213	0.7727052503742295
0.2699999999999866	-2.185505248921564	0.7648883059982186	-1.4206169429233455	0.7648883059982186
0.27499999999998603	-2.1779799935281563	0.7573630381006905	-1.4206169554274657	0.7573630381006905
0.2799999999999855	-2.171280460780181	0.7506635116026236	-1.4206169491775575	0.7506635116026236
0.28499999999998493	-2.1658587602830295	0.7452417921443556	-1.420616968138674	0.7452417921443556
0.2899999999999844	-2.1620722721492034	0.7414553105750836	-1.4206169615741198	0.7414553105750836
0.29499999999998383	-2.1601901420787737	0.7395731904498553	-1.4206169516289182	0.7395731904498553
0.2999999999999833	-2.16043669641267	0.7398197403201907	-1.4206169560924793	0.7398197403201907
0.30499999999998273	-2.1629837190287584	0.7423667660865252	-1.4206169529422334	0.7423667660865252
0.3099999999999822	-2.1679078064165824	0.7472908558166718	-1.4206169505999104	0.7472908558166718
0.31499999999998163	-2.1751250571663765	0.7545080958357854	-1.4206169613305912	0.7545080958357854
0.3199999999999811	-2.1843693555274615	0.7637523844128701	-1.4206169711145913	0.7637523844128701
0.3249999999999805	-2.1952300263564326	0.7746130435807979	-1.420616982775635	0.7746130435807979
0.32999999999998	-2.2071840559200804	0.7865670649455773	-1.4206169909745028	0.7865670649455773
0.3349999999999794	-2.2196015991470834	0.798984598324888	-1.4206170008221954	0.798984598324888
0.3399999999999789	-2.231738927262939	0.8111219111406333	-1.4206170161223053	0.8111219111406333
0.3449999999999783	-2.242779706041811	0.8221626713475929	-1.420617034694218	0.8221626713475929
0.3499999999999778	-2.251976508374395	0.8313594767177599	-1.420617031656635	0.8313594767177599
0.3549999999999772	-2.2589063317445244	0.8382893222981547	-1.42061700944637	0.8382893222981547
0.35999999999997667	-2.2636392689289404	0.8430222826032784	-1.420616986325662	0.8430222826032784
0.3649999999999761	-2.266667549027035	0.846050573478565	-1.42061697554847	0.846050573478565
0.36999999999997557	-2.268546759934693	0.8479297914760453	-1.4206169684586478	0.8479297914760453
0.374999999999975	-2.2694969241046294	0.8488799536151945	-1.4206169704894347	0.8488799536151945
0.37999999999997447	-2.2693008999256095	0.8486839236538642	-1.420616976271745	0.8486839236538642
0.3849999999999739	-2.267583065053571	0.8469660992875093	-1.4206169657660614	0.8469660992875093
0.38999999999997337	-2.264181625476171	0.8435646672185125	-1.4206169582576587	0.8435646672185125
0.3949999999999728	-2.259341978626927	0.8387250478249166	-1.4206169308020105	0.8387250478249166
0.39999999999997227	-2.253692165103893	0.8330752679432039	-1.4206168971606887	0.8330752679432039
0.4049999999999717	-2.248041594183101	0.8274247050108049	-1.4206168891722961	0.8274247050108049
0.40999999999997117	-2.243132359256802	0.8225154636916818	-1.4206168955651202	0.8225154636916818
0.4149999999999706	-2.2393915790077195	0.8187746837019754	-1.4206168953057443	0.8187746837019754
0.41999999999997006	-2.236784104327846	0.8161672215093796	-1.4206168828184664	0.8161672215093796
0.4249999999999695	-2.2348105515379375	0.8141936286900863	-1.4206169228478513	0.8141936286900863
0.42999999999996896	-2.2326607471983952	0.8120438097654151	-1.42061693743298	0.8120438097654151
0.4349999999999684	-2.2294890294481506	0.8088720823148696	-1.420616947133281	0.8088720823148696
0.43999999999996786	-2.2246989010786073	0.8040819528240312	-1.420616948254576	0.8040819528240312
0.4449999999999673	-2.2181587976888055	0.7975418606051368	-1.4206169370836688	0.7975418606051368
0.44999999999996676	-2.210282910312652	0.7896660123442159	-1.4206168979684362	0.7896660123442159
0.4549999999999662	-2.20193703542225	0.781320172134642	-1.4206168632876084	0.781320172134642
0.45999999999996566	-2.1942110148904486	0.7735941646515052	-1.4206168502389438	0.7735941646515052
0.4649999999999651	-2.1881299670281806	0.7675131371650566	-1.420616829863124	0.7675131371650566
0.46999999999996456	-2.1844181972595247	0.7638013677508496	-1.4206168295086752	0.7638013677508496
0.474999999999964	-2.1833885280289143	0.7627716964254847	-1.4206168316034296	0.7627716964254847
0.47999999999996346	-2.184959898717743	0.7643430715308815	-1.4206168271868613	0.7643430715308815
0.4849999999999629	-2.188759324327111	0.7681424661347468	-1.420616858192364	0.7681424661347468
0.48999999999996235	-2.1942411729712137	0.7736242980630756	-1.4206168749081383	0.7736242980630756
0.4949999999999618	-2.2007902475785412	0.7801733505582962	-1.4206168970202449	0.7801733505582962
0.49999999999996125	-2.2078034157276143	0.7871865030078805	-1.420616912719734	0.7871865030078805
0.5049999999999607	-2.214731025806441	0.7941141058090032	-1.4206169199974374	0.7941141058090032
0.5099999999999602	-2.2211024839622606	0.8004855300541895	-1.4206169539080713	0.8004855300541895
0.5149999999999596	-2.226539276507018	0.8059223197147928	-1.420616956792225	0.8059223197147928
0.519999999999959	-2.2307942891600585	0.8101773315465958	-1.4206169576134624	0.8101773315465958
0.5249999999999585	-2.233782065037423	0.8131650926371967	-1.4206169724002264	0.8131650926371967
0.529999999999958	-2.2355962037415678	0.814979201259042	-1.4206170024825258	0.814979201259042
0.5349999999999574	-2.236494180639552	0.8158771773037355	-1.4206170033358165	0.8158771773037355
0.5399999999999568	-2.236877782410829	0.816260794605318	-1.420616987805511	0.816260794605318
0.5449999999999563	-2.237249116468499	0.8166321610036147	-1.4206169554648846	0.8166321610036147
0.5499999999999557	-2.238143980376611	0.8175270280744377	-1.420616952302173	0.8175270280744377
0.5549999999999552	-2.240030015314963	0.819413055888582	-1.4206169594263813	0.819413055888582
0.5599999999999546	-2.2431716209384187	0.8225546624792156	-1.420616958459203	0.8225546624792156
0.5649999999999541	-2.2475092655153412	0.8268922900926781	-1.420616975422663	0.8268922900926781
0.5699999999999535	-2.2526297023547306	0.832012681400874	-1.4206170209538567	0.832012681400874
0.574999999999953	-2.257871027394428	0.8372539566613019	-1.4206170707331263	0.8372539566613019
0.5799999999999524	-2.2624983525590174	0.8418812485227899	-1.4206171040362279	0.8418812485227899
0.5849999999999519	-2.2659205616814004	0.845303457955021	-1.4206171037263795	0.845303457955021
0.5899999999999513	-2.2678024102421905	0.8471853060912049	-1.4206171041509856	0.8471853060912049
0.5949999999999508	-2.2680816594339124	0.8474645507755298	-1.4206171086583825	0.8474645507755298
0.5999999999999502	-2.2669128930459364	0.8462957955402591	-1.4206170975056773	0.8462957955402591
0.6049999999999497	-2.264618660091369	0.8440015620950148	-1.4206170979963542	0.8440015620950148
0.6099999999999491	-2.2617243057255134	0.8411072272696078	-1.4206170784559056	0.8411072272696078
0.6149999999999486	-2.258999869849365	0.8383828098002699	-1.4206170600490953	0.8383828098002699
0.619999999999948	-2.2573096073551215	0.8366925517623746	-1.4206170555927469	0.8366925517623746
0.6249999999999475	-2.257129222207782	0.8365121555778621	-1.42061706662992	0.8365121555778621
0.6299999999999469	-2.2580238837676063	0.8374067895638252	-1.4206170942037812	0.8374067895638252
0.6349999999999464	-2.258689205436098	0.8380720935753981	-1.4206171118606996	0.8380720935753981
0.6399999999999458	-2.2576797175731325	0.8370625896193111	-1.4206171279538216	0.8370625896193111
0.6449999999999453	-2.2542389291441354	0.833621809414938	-1.4206171197291975	0.833621809414938
0.6499999999999447	-2.2486109219534667	0.8279938140298152	-1.4206171079236514	0.8279938140298152
0.6549999999999442	-2.241750931647735	0.8211338630771704	-1.4206170685705646	0.8211338630771704
0.6599999999999436	-2.234792724890316	0.8141756674063125	-1.4206170574840034	0.8141756674063125
0.6649999999999431	-2.2287132380046906	0.8080961985768326	-1.4206170394278579	0.8080961985768326
0.6699999999999425	-2.2243049882306676	0.803687943561779	-1.4206170446688884	0.803687943561779
0.674999999999942	-2.222357839501859	0.8017407999241276	-1.420617039577731	0.8017407999241276
0.6799999999999414	-2.2237200174854617	0.8031030022355137	-1.420617015249948	0.8031030022355137
0.6849999999999409	-2.229030634892557	0.8084136273124051	-1.420617007580152	0.8084136273124051
0.6899999999999403	-2.23819323285676	0.8175761942456679	-1.4206170386110921	0.8175761942456679
0.6949999999999398	-2.2500183361534347	0.8294012587947435	-1.4206170773586912	0.8294012587947435
0.6999999999999392	-2.2624363585657643	0.8418192215755788	-1.4206171369901852	0.8418192215755788
0.7049999999999387	-2.2732546816747745	0.8526374758029823	-1.4206172058717923	0.8526374758029823
0.7099999999999381	-2.2809833591505924	0.8603661445311513	-1.4206172146194411	0.8603661445311513
0.7149999999999376	-2.2853216053950187	0.8647044216131421	-1.4206171837818766	0.8647044216131421
0.719999999999937	-2.2870977104352583	0.866480600277289	-1.4206171101579697	0.866480600277289
0.7249999999999365	-2.2877955534325682	0.8671784796158684	-1.4206170738167	0.8671784796158684
0.7299999999999359	-2.288908057302554	0.8682910273513251	-1.420617029951229	0.8682910273513251
0.7349999999999354	-2.291401598685968	0.8707845559289686	-1.4206170427569995	0.8707845559289686
0.7399999999999348	-2.295389189717258	0.8747721218556214	-1.4206170678616368	0.8747721218556214
0.7449999999999343	-2.30009651691598	0.8794793874226046	-1.4206171294933756	0.8794793874226046
0.7499999999999337	-2.304080174701164	0.8834630155934904	-1.4206171591076737	0.8834630155934904
0.7549999999999332	-2.3057067694348294	0.8850895635847246	-1.420617205850105	0.8850895635847246
0.7599999999999326	-2.3037513314612217	0.8831341550490042	-1.4206171764122173	0.8831341550490042
0.7649999999999321	-2.297917845902477	0.8773006755386555	-1.4206171703638213	0.8773006755386555
0.7699999999999315	-2.289086184689541	0.8684690536121293	-1.4206171310774118	0.8684690536121293
0.774999999999931	-2.2791292344969394	0.8585121668347148	-1.4206170676622247	0.8585121668347148
0.7799999999999304	-2.270324028702123	0.8497070075045804	-1.4206170211975426	0.8497070075045804
0.7849999999999299	-2.2646008048997524	0.8439838303793209	-1.4206169745204316	0.8439838303793209
0.7899999999999293	-2.2629409201052475	0.8423239534216017	-1.4206169666836457	0.8423239534216017
0.7949999999999288	-2.2651719693204004	0.8445549780932555	-1.420616991227145	0.8445549780932555
0.7999999999999282	-2.2701608158589535	0.8495437865487311	-1.4206170293102225	0.8495437865487311
0.8049999999999277	-2.2762139384737465	0.8555968535227909	-1.4206170849509556	0.8555968535227909
0.8099999999999271	-2.2814695612361686	0.8608524231669147	-1.420617138069254	0.8608524231669147
0.8149999999999266	-2.2841886501218807	0.8635714828348151	-1.4206171672870656	0.8635714828348151
0.819999999999926	-2.2829569633940365	0.8623397817962739	-1.4206171815977626	0.8623397817962739
0.8249999999999255	-2.276882425560236	0.8562652448118884	-1.4206171807483474	0.8562652448118884
0.8299999999999249	-2.2657974691400153	0.8451803221338703	-1.420617147006145	0.8451803221338703
0.8349999999999244	-2.250473310362638	0.8298562189492042	-1.420617091413434	0.8298562189492042
0.8399999999999238	-2.2326941667995515	0.812077131920112	-1.4206170348794394	0.812077131920112
0.8449999999999233	-2.2149264972061395	0.7943095196892813	-1.4206169775168582	0.7943095196892813
0.8499999999999227	-2.199495800577202	0.7788788207170864	-1.420616979860116	0.7788788207170864
0.8549999999999222	-2.1876147977966425	0.7669978097897431	-1.4206169880068995	0.7669978097897431
0.8599999999999216	-2.1790253025268593	0.758408279088763	-1.4206170234380964	0.758408279088763
0.864999999999921	-2.172539219329752	0.7519221492053603	-1.420617070124392	0.7519221492053603
0.8699999999999205	-2.167025097320541	0.7464080093234687	-1.420617087997072	0.7464080093234687
0.87499999999992	-2.162171559026036	0.7415545026426114	-1.4206170563834246	0.7415545026426114
0.8799999999999194	-2.158635313641014	0.7380182878433702	-1.4206170257976436	0.7380182878433702
0.8849999999999189	-2.1576425406524877	0.737025538431138	-1.4206170022213498	0.737025538431138
0.8899999999999183	-2.1603328396453647	0.7397158844225905	-1.4206169552227743	0.7397158844225905
0.8949999999999178	-2.167240839338719	0.7466238807434729	-1.420616958595246	0.7466238807434729
0.8999999999999172	-2.178066231707134	0.7574492529537925	-1.4206169787533418	0.7574492529537925
0.9049999999999166	-2.191759792652818	0.7711427851525212	-1.4206170075002966	0.7711427851525212
0.9099999999999161	-2.206709572203781	0.7860925207394484	-1.4206170514643326	0.7860925207394484
0.9149999999999155	-2.220991225130989	0.8003741351162283	-1.4206170900147606	0.8003741351162283
0.919999999999915	-2.2327000540902215	0.8120829380017236	-1.420617116088498	0.8120829380017236
0.9249999999999144	-2.240341113365701	0.8197239782648515	-1.4206171351008496	0.8197239782648515
0.9299999999999139	-2.2431302542131117	0.8225131245035482	-1.4206171297095636	0.8225131245035482
0.9349999999999133	-2.241014996005972	0.8203978698202796	-1.4206171261856928	0.8203978698202796
0.9399999999999128	-2.234430531037271	0.8138134149539653	-1.4206171160833059	0.8138134149539653
0.9449999999999122	-2.2240310352021493	0.8034139455037034	-1.4206170896984458	0.8034139455037034
0.9499999999999117	-2.2106682122994847	0.790051151965206	-1.4206170603342787	0.790051151965206
0.9549999999999111	-2.195604453852115	0.7749874154291136	-1.4206170384230012	0.7749874154291136
0.9599999999999106	-2.180571315920292	0.7599543106998944	-1.4206170052203981	0.7599543106998944
0.96499999999991	-2.167439157928092	0.7468221817493901	-1.4206169761787015	0.7468221817493901
0.9699999999999095	-2.1576807632250565	0.7370638025821995	-1.4206169606428571	0.7370638025821995
0.9749999999999089	-2.152090245334969	0.7314732771425722	-1.420616968192397	0.7314732771425722
0.9799999999999084	-2.150939203055801	0.7303222362485333	-1.4206169668072681	0.7303222362485333
0.9849999999999078	-2.1542559932277108	0.7336390257509803	-1.4206169674767304	0.7336390257509803
0.9899999999999073	-2.161904560538164	0.7412875839359897	-1.4206169766021748	0.7412875839359897
0.9949999999999067	-2.1734395609402384	0.7528225577177384	-1.4206170032224998	0.7528225577177384
0.9999999999999062	-2.1879493820088176	0.7673323422636001	-1.4206170397452171	0.7673323422636001
1.0049999999999057	-2.2040785186432053	0.7834614457289563	-1.420617072914249	0.7834614457289563
1.0099999999999052	-2.2202717138426227	0.7996546253607995	-1.4206170884818232	0.7996546253607995
1.0149999999999046	-2.235121797729319	0.814504680311486	-1.4206171174178328	0.814504680311486
1.019999999999904	-2.2476559174451824	0.8270387905284263	-1.420617126916756	0.8270387905284263
1.0249999999999035	-2.257458766696218	0.8368416895196744	-1.4206170771765436	0.8368416895196744
1.029999999999903	-2.2645954796975922	0.843978407155307	-1.420617072542285	0.843978407155307
1.0349999999999024	-2.2693989083079886	0.8487818501173731	-1.4206170581906157	0.8487818501173731
1.039999999999902	-2.272227615675257	0.8516105693182694	-1.4206170463569878	0.8516105693182694
1.0449999999999013	-2.273280446857929	0.8526634158320304	-1.420617031025899	0.8526634158320304
1.0499999999999008	-2.2725234299401165	0.8519064113862442	-1.4206170185538718	0.8519064113862442
1.0549999999999002	-2.269764859951161	0.8491478291260341	-1.4206170308251265	0.8491478291260341
1.0599999999998997	-2.2648553619938245	0.8442383352937977	-1.420617026700027	0.8442383352937977
1.0649999999998991	-2.2579393882806302	0.8373223743582159	-1.4206170139224141	0.8373223743582159
1.0699999999998986	-2.249656587563737	0.8290395993375193	-1.4206169882262178	0.8290395993375193
1.074999999999898	-2.2411632489992503	0.82054631016628	-1.4206169388329704	0.82054631016628
1.0799999999998975	-2.233898708962378	0.8132818000697246	-1.4206169088926537	0.8132818000697246
1.084999999999897	-2.229133620161149	0.8085167327387164	-1.420616887422433	0.8085167327387164
1.0899999999998964	-2.2274750814992017	0.8068581848008446	-1.4206168966983568	0.8068581848008446
1.0949999999998958	-2.228675477180944	0.8080585474187523	-1.4206169297621916	0.8080585474187523
1.0999999999998953	-2.231902524444184	0.8112855758208473	-1.4206169486233364	0.8112855758208473
1.1049999999998947	-2.236280906030346	0.8156639284480973	-1.420616977582249	0.8156639284480973
1.1099999999998942	-2.241308896951939	0.8206919160996494	-1.4206169808522895	0.8206919160996494
1.1149999999998936	-2.2469454217590354	0.826328454351422	-1.4206169674076135	0.826328454351422
1.119999999999893	-2.2533925414908755	0.8327755847174463	-1.4206169567734293	0.8327755847174463
1.1249999999998925	-2.2607823182393663	0.8401653458243297	-1.4206169724150368	0.8401653458243297
1.129999999999892	-2.268970603994279	0.848353611414261	-1.420616992580018	0.848353611414261
1.1349999999998914	-2.277481690975163	0.8568647032681085	-1.4206169877070545	0.8568647032681085
1.1399999999998909	-2.2856046010666775	0.8649875889362992	-1.4206170121303785	0.8649875889362992
1.1449999999998903	-2.292532132209881	0.8719150759511644	-1.4206170562587166	0.8719150759511644
1.1499999999998898	-2.297506824095684	0.8768897492107988	-1.420617074884885	0.8768897492107988
1.1549999999998892	-2.2999063087775347	0.8792892398943637	-1.4206170688831707	0.8792892398943637
1.1599999999998887	-2.299310832799095	0.8786937553026943	-1.4206170774964004	0.8786937553026943
1.1649999999998881	-2.295597029934588	0.8749799447668383	-1.4206170851677495	0.8749799447668383
1.1699999999998876	-2.2890784262999704	0.8684613316242411	-1.4206170946757295	0.8684613316242411
1.174999999999887	-2.2806436227472164	0.8600265675913511	-1.4206170551558654	0.8600265675913511
1.1799999999998865	-2.2717379847000596	0.8511209705596035	-1.4206170141404562	0.8511209705596035
1.184999999999886	-2.264026149699694	0.843409156998146	-1.420616992701548	0.843409156998146
1.1899999999998854	-2.258773269462344	0.8381562712693321	-1.4206169981930123	0.8381562712693321
1.1949999999998848	-2.2563343872042396	0.8357173816873384	-1.4206170055169012	0.8357173816873384
1.1999999999998843	-2.2561704707932058	0.8355534213352023	-1.4206170494580033	0.8355534213352023
1.2049999999998837	-2.2573157460302746	0.8366986727627962	-1.4206170732674785	0.8366986727627962
1.2099999999998832	-2.258920849197577	0.8383037608324648	-1.420617088365112	0.8383037608324648
1.2149999999998826	-2.2605905985822132	0.8399735438179162	-1.4206170547642971	0.8399735438179162
1.219999999999882	-2.2624526945527155	0.8418356941298119	-1.4206170004229035	0.8418356941298119
1.2249999999998815	-2.265082409991802	0.8444654436462921	-1.42061696634551	0.8444654436462921
1.229999999999881	-2.2693156877083007	0.8486987499769333	-1.4206169377313673	0.8486987499769333
1.2349999999998804	-2.275966938446395	0.8553500189516657	-1.4206169194947296	0.8553500189516657
1.2399999999998799	-2.285478326017269	0.8648613930946794	-1.4206169329225902	0.8648613930946794
1.2449999999998793	-2.297608333378701	0.876991336237469	-1.4206169971412317	0.876991336237469
1.2499999999998788	-2.3113612880961782	0.8907442660614691	-1.4206170220347092	0.8907442660614691
1.2549999999998782	-2.32520020998944	0.9045831473884012	-1.420617062601039	0.9045831473884012
1.2599999999998777	-2.3374502065057645	0.9168331072385872	-1.420617099267177	0.9168331072385872
1.2649999999998771	-2.3466521503316358	0.9260350394015932	-1.4206171109300425	0.9260350394015932
1.2699999999998766	-2.351734198142894	0.9311170670783616	-1.4206171310645326	0.9311170670783616
1.274999999999876	-2.3519997965801753	0.9313826528182914	-1.4206171437618844	0.9313826528182914
1.2799999999998755	-2.3470884267196412	0.9264712651945969	-1.420617161525044	0.9264712651945969
1.284999999999875	-2.337072809107369	0.9164556537802074	-1.4206171553271616	0.9164556537802074
1.2899999999998744	-2.3227414240658932	0.9021243129369535	-1.4206171111289398	0.9021243129369535
1.2949999999998738	-2.305933349304437	0.885316317945815	-1.420617031358622	0.885316317945815
1.2999999999998733	-2.2895313469571734	0.868914387912425	-1.4206169590447482	0.868914387912425
1.3049999999998727	-2.2768478311123572	0.8562309474981847	-1.4206168836141726	0.8562309474981847
1.3099999999998722	-2.2705105509515757	0.84989367550127	-1.4206168754503057	0.84989367550127
1.3149999999998716	-2.271530965954926	0.8509140666291664	-1.4206168993257597	0.8509140666291664
1.319999999999871	-2.279114639640955	0.8584976814583375	-1.4206169581826174	0.8584976814583375
1.3249999999998705	-2.2910720160738616	0.8704550091494032	-1.4206170069244581	0.8704550091494032
1.32999999999987	-2.3043963336838034	0.8837792588787579	-1.4206170748050453	0.8837792588787579
1.3349999999998694	-2.3159227070553765	0.8953055779233351	-1.4206171291320413	0.8953055779233351
1.3399999999998689	-2.323138777721262	0.9025216147394971	-1.420617162981765	0.9025216147394971
1.3449999999998683	-2.324900475759776	0.9042833373484371	-1.4206171384113389	0.9042833373484371
1.3499999999998678	-2.321680018444252	0.9010629429606741	-1.4206170754835779	0.9010629429606741
1.3549999999998672	-2.315242135134191	0.8946251362946208	-1.42061699883957	0.8946251362946208
1.3599999999998666	-2.3079885960473825	0.8873716609337763	-1.4206169351136062	0.8873716609337763
1.364999999999866	-2.3022672420757444	0.8816503606837901	-1.4206168813919542	0.8816503606837901
1.3699999999998655	-2.2998017650722358	0.8791848941206664	-1.4206168709515694	0.8791848941206664
1.374999999999865	-2.3013213893097175	0.8807044976415578	-1.4206168916681594	0.8807044976415578
1.3799999999998644	-2.3064599896850746	0.8858430929446999	-1.4206168967403747	0.8858430929446999
1.384999999999864	-2.31398981491615	0.8933728692637694	-1.420616945652381	0.8933728692637694
1.3899999999998633	-2.3223591817224944	0.9017421989307283	-1.4206169827917663	0.9017421989307283
1.3949999999998628	-2.3302040273689233	0.9095870297806476	-1.4206169975882756	0.9095870297806476
1.3999999999998622	-2.336587027807349	0.9159700126112023	-1.4206170151961468	0.9159700126112023
1.4049999999998617	-2.340977582045416	0.9203605378376433	-1.4206170442077728	0.9203605378376433
1.4099999999998611	-2.3431191040434682	0.922502063344455	-1.4206170406990133	0.922502063344455
1.4149999999998606	-2.3429639310202828	0.9223469009518688	-1.4206170300684142	0.9223469009518688
1.41999999999986	-2.3407339044030504	0.9201168945960838	-1.4206170098069664	0.9201168945960838
1.4249999999998595	-2.337069307579385	0.9164523189601996	-1.4206169886191853	0.9164523189601996
1.429999999999859	-2.333068642567562	0.91245171768956	-1.4206169248780023	0.91245171768956
1.4349999999998584	-2.330084697018893	0.9094678121563837	-1.4206168848625094	0.9094678121563837
1.4399999999998578	-2.3291983901355535	0.9085815191824463	-1.4206168709531073	0.9085815191824463
1.4449999999998573	-2.3306249810118427	0.9100080880982755	-1.420616892913567	0.9100080880982755
1.4499999999998567	-2.333471646260289	0.9128547079249985	-1.4206169383352902	0.9128547079249985
1.4549999999998562	-2.3361057051439467	0.9154887097718583	-1.4206169953720886	0.9154887097718583
1.4599999999998556	-2.336833378715749	0.9162163446737981	-1.4206170340419506	0.9162163446737981
1.464999999999855	-2.3344373708200292	0.9138203371096649	-1.420617033710364	0.9138203371096649
1.4699999999998545	-2.328387348725628	0.9077702727451803	-1.420617075980448	0.9077702727451803
1.474999999999854	-2.3187970349049896	0.89817996727861	-1.4206170676263792	0.89817996727861
1.4799999999998534	-2.30631976180041	0.885702733969953	-1.4206170278304568	0.885702733969953
1.4849999999998529	-2.292017309369275	0.8714003191047923	-1.4206169902644825	0.8714003191047923
1.4899999999998523	-2.2772156631090863	0.8565987031001749	-1.4206169600089111	0.8565987031001749
1.4949999999998518	-2.263372327175672	0.842755406782411	-1.4206169203932606	0.842755406782411
1.4999999999998512	-2.251937977465755	0.8313210864753026	-1.4206168909904522	0.8313210864753026
1.5049999999998507	-2.2441794093690572	0.8235625665937838	-1.4206168427752734	0.8235625665937838
1.5099999999998501	-2.2409381605696486	0.8203213488212927	-1.420616811748356	0.8203213488212927
1.5149999999998496	-2.2423348148533044	0.8217179932433502	-1.4206168216099542	0.8217179932433502
1.519999999999849	-2.247629491792408	0.8270126456369857	-1.4206168461554223	0.8270126456369857
1.5249999999998485	-2.2553933666478017	0.8347765082519881	-1.4206168583958134	0.8347765082519881
1.529999999999848	-2.2639407050646763	0.8433237964663941	-1.4206169085982823	0.8433237964663941
1.5349999999998474	-2.2717723349939383	0.8511553957860003	-1.420616939207938	0.8511553957860003
1.5399999999998468	-2.2778805999568985	0.8572636362764794	-1.4206169636804191	0.8572636362764794
1.5449999999998463	-2.2818506494334647	0.8612336866815404	-1.4206169627519245	0.8612336866815404
1.5499999999998457	-2.2838214265161234	0.8632044901595199	-1.4206169363566037	0.8632044901595199
1.5549999999998452	-2.2843382679023287	0.8637213430328758	-1.4206169248694527	0.8637213430328758
1.5599999999998446	-2.284163030406555	0.8635461318472353	-1.42061689855932	0.8635461318472353
1.564999999999844	-2.2840298884339503	0.8634130075176523	-1.4206168809162978	0.8634130075176523
1.5699999999998435	-2.284445530411718	0.8638286127543569	-1.4206169176573613	0.8638286127543569
1.574999999999843	-2.2855623639562506	0.8649454240909502	-1.4206169398653004	0.8649454240909502
1.5799999999998424	-2.287182572737206	0.8665656280513315	-1.4206169446858745	0.8665656280513315
1.5849999999998419	-2.2888935128460157	0.868276550739569	-1.4206169621064464	0.868276550739569
1.5899999999998413	-2.2902513870099526	0.8696344150759405	-1.4206169719340118	0.8696344150759405
1.5949999999998408	-2.290973126422891	0.8703561682183836	-1.4206169582045072	0.8703561682183836
1.5999999999998402	-2.2910418666086736	0.8704249196631121	-1.4206169469455614	0.8704249196631121
1.6049999999998397	-2.2907175668813493	0.8701006278682489	-1.4206169390131003	0.8701006278682489
1.6099999999998391	-2.290393090124775	0.8697761592553487	-1.4206169308694268	0.8697761592553487
1.6149999999998386	-2.290379712483006	0.8697627855053603	-1.4206169269776456	0.8697627855053603
1.619999999999838	-2.2907526550556723	0.8701357302893389	-1.4206169247663332	0.8701357302893389
1.6249999999998375	-2.291378754806892	0.8707618388517905	-1.4206169159551019	0.8707618388517905
1.629999999999837	-2.2920801461828018	0.8714632264791866	-1.420616919703615	0.8714632264791866
1.6349999999998364	-2.292800350523517	0.8721834709461694	-1.4206168795773477	0.8721834709461694
1.6399999999998358	-2.293619961026478	0.87300310443055	-1.4206168565959283	0.87300310443055
1.6449999999998353	-2.2946360426069945	0.8740191750595676	-1.4206168675474269	0.8740191750595676
1.6499999999998347	-2.2957828058519727	0.8751659147440973	-1.4206168911078754	0.8751659147440973
1.6549999999998342	-2.2967110573528045	0.8760941483482214	-1.420616909004583	0.8760941483482214
1.6599999999998336	-2.2968177332659088	0.8762008116728291	-1.4206169215930793	0.8762008116728291
1.664999999999833	-2.2954283106342936	0.8748113948093463	-1.4206169158249475	0.8748113948093463
1.6699999999998325	-2.2920496907464862	0.8714327625086598	-1.4206169282378267	0.8714327625086598
1.674999999999832	-2.286597092232945	0.8659801700044109	-1.4206169222285343	0.8659801700044109
1.6799999999998314	-2.2794845080203503	0.85886760661728	-1.4206169014030703	0.85886760661728
1.6849999999998309	-2.2715783806922647	0.8509615297460874	-1.4206168509461774	0.8509615297460874
1.6899999999998303	-2.2640144358510006	0.8433976239737961	-1.4206168118772045	0.8433976239737961
1.6949999999998298	-2.2579271327196477	0.8373103449932686	-1.420616787726379	0.8373103449932686
1.6999999999998292	-2.2541160757005043	0.8334993089407431	-1.4206167667597611	0.8334993089407431
1.7049999999998287	-2.2527356313640667	0.8321188517315653	-1.4206167796325013	0.8321188517315653
1.709999999999828	-2.2531210304573652	0.832504212842329	-1.4206168176150362	0.832504212842329
1.7149999999998276	-2.2538948774687464	0.833278002571655	-1.4206168748970913	0.833278002571655
1.719999999999827	-2.25334897643953	0.8327320823883128	-1.4206168940512174	0.8327320823883128
1.7249999999998264	-2.2499463718814834	0.829329440179262	-1.420616931702221	0.829329440179262
1.729999999999826	-2.242823565719666	0.8222066156964263	-1.4206169500232395	0.8222066156964263
1.7349999999998253	-2.2321796940805085	0.8115627577684424	-1.420616936312066	0.8115627577684424
1.7399999999998248	-2.219427567755775	0.7988106842129815	-1.4206168835427935	0.7988106842129815
1.7449999999998242	-2.2068974161611106	0.78628058796848	-1.4206168281926304	0.78628058796848
1.7499999999998237	-2.196995235519411	0.7763784197477247	-1.420616815771686	0.7763784197477247
1.7549999999998231	-2.19113415697872	0.7705173255672907	-1.4206168314114294	0.7705173255672907
1.7599999999998226	-2.189249486778414	0.7686326324468812	-1.4206168543315325	0.7686326324468812
1.764999999999822	-2.1902497889926402	0.7696329103060127	-1.4206168786866278	0.7696329103060127
1.7699999999998215	-2.1929142621989435	0.7722973683488324	-1.4206168938501111	0.7722973683488324
1.774999999999821	-2.1964717703725083	0.7758548697838016	-1.4206169005887068	0.7758548697838016
1.7799999999998204	-2.2006393033554805	0.7800224135292134	-1.4206168898262672	0.7800224135292134
1.7849999999998198	-2.2053756279644365	0.7847587372825638	-1.4206168906818726	0.7847587372825638
1.7899999999998193	-2.210617733699226	0.7900008421140461	-1.42061689158518	0.7900008421140461
1.7949999999998187	-2.2161292969135262	0.795512376058068	-1.4206169208554582	0.795512376058068
1.7999999999998182	-2.2214437705624546	0.8008268415853032	-1.4206169289771515	0.8008268415853032
1.8049999999998176	-2.2259292736149727	0.8053123178705884	-1.4206169557443844	0.8053123178705884
1.809999999999817	-2.228964205948591	0.8083472337661977	-1.4206169721823931	0.8083472337661977
1.8149999999998165	-2.230192272427175	0.80957533598134	-1.420616936445835	0.80957533598134
1.819999999999816	-2.2297700065151305	0.8091531015637686	-1.420616904951362	0.8091531015637686
1.8249999999998154	-2.228499915154531	0.8078830599426832	-1.4206168552118479	0.8078830599426832
1.8299999999998149	-2.2277592434570734	0.8071424487404063	-1.420616794716667	0.8071424487404063
1.8349999999998143	-2.2291591579509027	0.8085424022109651	-1.4206167557399374	0.8085424022109651
1.8399999999998138	-2.2340815924939914	0.8134648689713331	-1.420616723522658	0.8134648689713331
1.8449999999998132	-2.243304047797778	0.8226873045143531	-1.420616743283425	0.8226873045143531
1.8499999999998127	-2.256846296879343	0.8362295301086451	-1.420616766770698	0.8362295301086451
1.8549999999998121	-2.274071104837886	0.8534543424569878	-1.4206167623808983	0.8534543424569878
1.8599999999998116	-2.2938975271390953	0.873280745965674	-1.4206167811734212	0.873280745965674
1.864999999999811	-2.314999453876814	0.8943826555416444	-1.4206167983351696	0.8943826555416444
1.8699999999998105	-2.335958972987831	0.9153421731781094	-1.4206167998097217	0.9153421731781094
1.87499999999981	-2.3553870276916724	0.9347702261736994	-1.420616801517973	0.9347702261736994
1.8799999999998094	-2.3720524275817136	0.9514356113101847	-1.420616816271529	0.9514356113101847
1.8849999999998088	-2.385002253843522	0.9643854167463896	-1.4206168370971324	0.9643854167463896
1.8899999999998083	-2.393675160397403	0.9730582934061868	-1.420616866991216	0.9730582934061868
1.8949999999998077	-2.3979512083948373	0.977334380282832	-1.420616828112005	0.977334380282832
1.8999999999998072	-2.398130132426827	0.9775133155340961	-1.420616816892731	0.9775133155340961
1.9049999999998066	-2.3948673367201234	0.9742505277444454	-1.4206168089756779	0.9742505277444454
1.909999999999806	-2.389056056723608	0.9684392911324328	-1.4206167655911752	0.9684392911324328
1.9149999999998055	-2.3816696478565347	0.9610529082005894	-1.420616739655945	0.9610529082005894
1.919999999999805	-2.3735603152427753	0.9529436162776743	-1.4206166989651008	0.9529436162776743
1.9249999999998044	-2.365260556880897	0.9446438466536706	-1.4206167102272262	0.9446438466536706
1.9299999999998039	-2.356848863793913	0.936232136868172	-1.4206167269257413	0.936232136868172
1.9349999999998033	-2.3479788597304965	0.927362118262999	-1.4206167414674977	0.927362118262999
1.9399999999998028	-2.338049825025846	0.9174330716998769	-1.420616753325969	0.9174330716998769
1.9449999999998022	-2.32644606576068	0.9058293091591252	-1.4206167566015546	0.9058293091591252
1.9499999999998017	-2.3127702330970994	0.8921534543952967	-1.420616778701803	0.8921534543952967
1.9549999999998011	-2.297006102789647	0.8763893447332122	-1.4206167580564353	0.8763893447332122
1.9599999999998006	-2.2795920038310107	0.8589752722565676	-1.4206167315744431	0.8589752722565676
1.9649999999998	-2.2613836347338627	0.8407669283979275	-1.4206167063359352	0.8407669283979275
1.9699999999997995	-2.2435045789047208	0.8228878830532778	-1.4206166958514428	0.8228878830532778
1.974999999999799	-2.227076729436463	0.8064600389823317	-1.4206166904541317	0.8064600389823317
1.9799999999997984	-2.212897135595459	0.7922804424749756	-1.4206166931204836	0.7922804424749756
1.9849999999997978	-2.2012351468907823	0.7806184490300168	-1.4206166978607655	0.7806184490300168
1.9899999999997973	-2.1918800956156734	0.7712633798444302	-1.420616715771243	0.7712633798444302
1.9949999999997967	-2.184466620419109	0.7638498899130717	-1.420616730506037	0.7638498899130717
1.9999999999997962	-2.1788818046896763	0.7582650873121851	-1.4206167173774913	0.7582650873121851
2.0049999999998067	-2.1755066252241892	0.7548899294135001	-1.4206166958106894	0.7548899294135001
2.0099999999998173	-2.1751345928226895	0.7545179176821208	-1.4206166751405687	0.7545179176821208
2.014999999999828	-2.1786141465101023	0.7579975067816946	-1.4206166397284077	0.7579975067816946
2.0199999999998384	-2.1864526752696287	0.7658360295854273	-1.4206166456842015	0.7658360295854273
2.024999999999849	-2.1985340839978087	0.7779174404089797	-1.4206166435888292	0.7779174404089797
2.0299999999998595	-2.214040788549196	0.7934240961485073	-1.4206166924006884	0.7934240961485073
2.03499999999987	-2.231517379792644	0.8109006396389864	-1.4206167401536578	0.8109006396389864
2.0399999999998806	-2.249061192321475	0.8284443983384486	-1.4206167939830263	0.8284443983384486
2.044999999999891	-2.264628931410533	0.8440121087727451	-1.4206168226377875	0.8440121087727451
2.0499999999999017	-2.2764191587661435	0.8558023008372387	-1.4206168579289047	0.8558023008372387
2.0549999999999122	-2.2832543394252434	0.862637475141924	-1.4206168642833195	0.862637475141924
2.059999999999923	-2.284870358556973	0.8642535261803153	-1.420616832376658	0.8642535261803153
2.0649999999999333	-2.281999089132173	0.861382330966445	-1.420616758165728	0.861382330966445
2.069999999999944	-2.276167821506479	0.8555511193742446	-1.420616702132234	0.8555511193742446
2.0749999999999544	-2.269260792348277	0.848644128980892	-1.420616663367385	0.848644128980892
2.079999999999965	-2.2630103390362253	0.8423937236829313	-1.420616615353294	0.8423937236829313
2.0849999999999755	-2.258645010720465	0.838028405157814	-1.420616605562651	0.838028405157814
2.089999999999986	-2.256820550812272	0.8362039455225159	-1.420616605289756	0.8362039455225159
2.0949999999999966	-2.2577293635739117	0.8371127833570489	-1.4206165802168629	0.8371127833570489
2.100000000000007	-2.2611997646505984	0.8405831858530513	-1.420616578797547	0.8405831858530513
2.1050000000000177	-2.266758719641957	0.8461421375233961	-1.4206165821185608	0.8461421375233961
2.1100000000000283	-2.2736931582162097	0.853076555389604	-1.4206166028266056	0.853076555389604
2.115000000000039	-2.2811900815353066	0.860573483037139	-1.4206165984981678	0.860573483037139
2.1200000000000494	-2.2885548605325443	0.8679382452175055	-1.4206166153150388	0.8679382452175055
2.12500000000006	-2.2953920933052046	0.8747754937243792	-1.420616599580825	0.8747754937243792
2.1300000000000705	-2.301665297320518	0.8810486900412954	-1.4206166072792226	0.8810486900412954
2.135000000000081	-2.3075602601437386	0.8869436693956463	-1.4206165907480925	0.8869436693956463
2.1400000000000916	-2.313223732981047	0.8926071496638239	-1.4206165833172235	0.8926071496638239
2.145000000000102	-2.3184972647809987	0.8978806687791425	-1.420616596001856	0.8978806687791425
2.1500000000001127	-2.322748429734883	0.9021317976428955	-1.4206166320919877	0.9021317976428955
2.1550000000001233	-2.324911642156348	0.904295019074278	-1.4206166230820696	0.904295019074278
2.160000000000134	-2.3237268377826594	0.9031101868350325	-1.4206166509476268	0.9031101868350325
2.1650000000001444	-2.318106696807395	0.8974900187231608	-1.4206166780842344	0.8974900187231608
2.170000000000155	-2.3074799427724826	0.8868632609167022	-1.4206166818557804	0.8868632609167022
2.1750000000001655	-2.2920083745787863	0.8713917123360982	-1.4206166622426877	0.8713917123360982
2.180000000000176	-2.272636104839768	0.8520194933880105	-1.4206166114517575	0.8520194933880105
2.1850000000001866	-2.250984792080245	0.8303682132880791	-1.4206165787921656	0.8303682132880791
2.190000000000197	-2.229131519999445	0.8085150068673406	-1.4206165131321042	0.8085150068673406
2.1950000000002077	-2.2092890582069913	0.7886725805873891	-1.4206164776196022	0.7886725805873891
2.2000000000002182	-2.193414732224678	0.7727983017339375	-1.4206164304907407	0.7727983017339375
2.2050000000002288	-2.1828316226161566	0.7622152010253569	-1.4206164215907997	0.7622152010253569
2.2100000000002393	-2.1780207186332414	0.7574042878789972	-1.4206164307542446	0.7574042878789972
2.21500000000025	-2.178658432864843	0.7580419663855268	-1.4206164664793164	0.7580419663855268
2.2200000000002604	-2.183837876201053	0.7632213789101905	-1.4206164972908626	0.7632213789101905
2.225000000000271	-2.1923207615382254	0.7717042349655504	-1.4206165265726747	0.7717042349655504
2.2300000000002815	-2.2027091107929526	0.7820925462380667	-1.4206165645548863	0.7820925462380667
2.235000000000292	-2.213498971266527	0.7928823538452359	-1.4206166174212915	0.7928823538452359
2.2400000000003026	-2.22313431412888	0.8025176688989348	-1.4206166452299454	0.8025176688989348
2.245000000000313	-2.2301495896386148	0.8095329114263279	-1.4206166782122867	0.8095329114263279
2.2500000000003237	-2.2334201609809248	0.8128034707101695	-1.4206166902707553	0.8128034707101695
2.2550000000003343	-2.232432973264652	0.8118162622702139	-1.4206167109944383	0.8118162622702139
2.260000000000345	-2.227460921544322	0.8068442461283551	-1.420616675415967	0.8068442461283551
2.2650000000003554	-2.2195936698624807	0.7989770411632583	-1.4206166286992226	0.7989770411632583
2.270000000000366	-2.210592344857621	0.7899757652357713	-1.4206165796218493	0.7899757652357713
2.2750000000003765	-2.202585314154024	0.7819688012527599	-1.420616512901264	0.7819688012527599
2.280000000000387	-2.197670098598552	0.7770536420650186	-1.4206164565335333	0.7770536420650186
2.2850000000003976	-2.1975037740089256	0.7768873165849263	-1.4206164574239994	0.7768873165849263
2.290000000000408	-2.2029703064467574	0.7823538648007191	-1.4206164416460383	0.7823538648007191
2.2950000000004187	-2.2139536970579914	0.7933372274864321	-1.420616469571559	0.7933372274864321
2.3000000000004293	-2.2292771927374204	0.8086606720086661	-1.4206165207287542	0.8086606720086661
2.30500000000044	-2.246867775525116	0.826251181322025	-1.4206165942030906	0.826251181322025
2.3100000000004504	-2.2641796150385303	0.8435629564351895	-1.4206166586033406	0.8435629564351895
2.315000000000461	-2.2787880644420655	0.8581713587089288	-1.4206167057331365	0.8581713587089288
2.3200000000004715	-2.288972691652436	0.8683559724946436	-1.4206167191577925	0.8683559724946436
2.325000000000482	-2.294086527876775	0.8734698096149978	-1.420616718261777	0.8734698096149978
2.3300000000004926	-2.294617348257434	0.8740006655784864	-1.4206166826789477	0.8740006655784864
2.335000000000503	-2.2919009055879003	0.8712842531523144	-1.4206166524355859	0.8712842531523144
2.3400000000005137	-2.2874960959857416	0.8668794870561811	-1.4206166089295604	0.8668794870561811
2.345000000000524	-2.282448163449493	0.861831553268823	-1.42061661018067	0.861831553268823
2.3500000000005348	-2.276908515043023	0.8562918837794813	-1.4206166312635418	0.8562918837794813
2.3550000000005453	-2.27041718992883	0.8498005388779681	-1.420616651050862	0.8498005388779681
2.360000000000556	-2.2625828713295864	0.8419662639146229	-1.4206166074149633	0.8419662639146229
2.3650000000005664	-2.2535957305205288	0.8329791692540699	-1.4206165612664592	0.8329791692540699
2.370000000000577	-2.244266357846904	0.823649829066192	-1.4206165287807124	0.823649829066192
2.3750000000005875	-2.235736483028734	0.8151199976838752	-1.4206164853448586	0.8151199976838752
2.380000000000598	-2.2291131551246526	0.8084966723240992	-1.4206164828005534	0.8084966723240992
2.3850000000006086	-2.2251835426872995	0.8045670639862036	-1.420616478701096	0.8045670639862036
2.390000000000619	-2.224260053258492	0.8036435606603152	-1.420616492598177	0.8036435606603152
2.3950000000006297	-2.2261605604827004	0.8055440553407975	-1.4206165051419026	0.8055440553407975
2.4000000000006403	-2.2302882936518515	0.8096717623029211	-1.4206165313489305	0.8096717623029211
2.405000000000651	-2.235782420925256	0.8151658936898248	-1.420616527235431	0.8151658936898248
2.4100000000006614	-2.241648775174467	0.8210322088072902	-1.4206165663671768	0.8210322088072902
2.415000000000672	-2.2468722587081142	0.8262556732885838	-1.4206165854195305	0.8262556732885838
2.4200000000006825	-2.2505079067174263	0.829891306701197	-1.4206166000162295	0.829891306701197
2.425000000000693	-2.2518112417938005	0.8311946315297183	-1.4206166102640823	0.8311946315297183
2.4300000000007036	-2.2503789524964564	0.8297623712883414	-1.420616581208115	0.8297623712883414
2.435000000000714	-2.246275354532255	0.8256587970548956	-1.4206165574773593	0.8256587970548956
2.4400000000007247	-2.2400640822790643	0.8194475439375435	-1.4206165383415208	0.8194475439375435
2.4450000000007353	-2.232685211532583	0.8120687040413718	-1.420616507491211	0.8120687040413718
2.450000000000746	-2.22517353690077	0.804557036114463	-1.420616500786307	0.804557036114463
2.4550000000007564	-2.2183375398045437	0.79772104187506	-1.420616497929484	0.79772104187506
2.460000000000767	-2.2126033712109012	0.7919868915214926	-1.4206164796894085	0.7919868915214926
2.4650000000007775	-2.2081457860861806	0.7875292968350392	-1.4206164892511413	0.7875292968350392
2.470000000000788	-2.2051756111403766	0.7845591267221422	-1.4206164844182343	0.7845591267221422
2.4750000000007986	-2.204116819127451	0.78350035765852	-1.4206164614689312	0.78350035765852
2.480000000000809	-2.205516250458488	0.7848997972471139	-1.420616453211374	0.7848997972471139
2.4850000000008197	-2.209772192360786	0.7891557271413917	-1.420616465219394	0.7891557271413917
2.49000000000083	-2.216894781076579	0.7962783035210595	-1.4206164775555192	0.7962783035210595
2.4950000000008408	-2.226479424732819	0.8058629250859337	-1.4206164996468855	0.8058629250859337
2.5000000000008513	-2.2379107499943434	0.8172942257804392	-1.4206165242139042	0.8172942257804392
2.505000000000862	-2.250616086408595	0.8299995336999175	-1.4206165527086774	0.8299995336999175
2.5100000000008724	-2.264178884292241	0.8435623259793958	-1.420616558312845	0.8435623259793958
2.515000000000883	-2.278220183461198	0.8576036113825394	-1.4206165720786583	0.8576036113825394
2.5200000000008935	-2.292144461981525	0.8715278737371908	-1.4206165882443345	0.8715278737371908
2.525000000000904	-2.3049756308945506	0.8843589831015847	-1.4206166477929656	0.8843589831015847
2.5300000000009146	-2.315407147800092	0.894790477632441	-1.420616670167651	0.894790477632441
2.535000000000925	-2.3220798563209497	0.9014631625963103	-1.4206166937246394	0.9014631625963103
2.5400000000009357	-2.3239529553638065	0.9033362579837046	-1.4206166973801018	0.9033362579837046
2.5450000000009463	-2.3206147745143006	0.8999980685564927	-1.4206167059578079	0.8999980685564927
2.550000000000957	-2.312441424497487	0.8918247435503814	-1.4206166809471057	0.8918247435503814
2.5550000000009674	-2.3005335538788056	0.8799168998707598	-1.4206166540080454	0.8799168998707598
2.560000000000978	-2.2864218554227067	0.8658052466617688	-1.4206166087609375	0.8658052466617688
2.5650000000009885	-2.2715372502461033	0.8509206544074222	-1.4206165958386812	0.8509206544074222
2.570000000000999	-2.256663336997291	0.8360467439881357	-1.4206165930091554	0.8360467439881357
2.5750000000010096	-2.241710446874082	0.8210938228636853	-1.420616624010397	0.8210938228636853
2.58000000000102	-2.2260879514021306	0.8054713108866496	-1.4206166405154812	0.8054713108866496
2.5850000000010307	-2.209535953003801	0.7889193135281577	-1.4206166394756434	0.7889193135281577
2.5900000000010412	-2.1928504705852667	0.7722338872562337	-1.4206165833290327	0.7722338872562337
2.595000000001052	-2.17791992301461	0.7573034068848856	-1.4206165161297242	0.7573034068848856
2.6000000000010624	-2.166957946773168	0.7463414823481297	-1.4206164644250385	0.7463414823481297
2.605000000001073	-2.161511460279047	0.7408950109572742	-1.4206164493217728	0.7408950109572742
2.6100000000010835	-2.1620191992341593	0.7414027310300908	-1.4206164682040685	0.7414027310300908
2.615000000001094	-2.16807937989223	0.7474629035372803	-1.4206164763549498	0.7474629035372803
2.6200000000011046	-2.178950611097775	0.7583341053034531	-1.4206165057943219	0.7583341053034531
2.625000000001115	-2.193792901292151	0.7731763790656854	-1.4206165222264655	0.7731763790656854
2.6300000000011257	-2.211663695989663	0.7910471135126086	-1.4206165824770545	0.7910471135126086
2.635000000001136	-2.2314610818673297	0.8108444654343065	-1.4206166164330234	0.8108444654343065
2.6400000000011468	-2.2519446863614117	0.8313280365378752	-1.4206166498235364	0.8313280365378752
2.6450000000011573	-2.2718631384235093	0.8512464682282365	-1.4206166701952727	0.8512464682282365
2.650000000001168	-2.290123927156819	0.8695072343741228	-1.420616692782696	0.8695072343741228
2.6550000000011784	-2.305934421388673	0.8853177216702077	-1.4206166997184653	0.8853177216702077
2.660000000001189	-2.318882616805059	0.8982659126210276	-1.4206167041840312	0.8982659126210276
2.6650000000011995	-2.3289347347053138	0.9083180456154167	-1.420616689089897	0.9083180456154167
2.67000000000121	-2.336345474167177	0.9157288015250958	-1.4206166726420815	0.9157288015250958
2.6750000000012206	-2.3415630080981114	0.9209463621660824	-1.4206166459320286	0.9209463621660824
2.680000000001231	-2.345176398340646	0.9245597629153772	-1.420616635425269	0.9245597629153772
2.6850000000012417	-2.347966148001097	0.9273495319482106	-1.4206166160528866	0.9273495319482106
2.6900000000012523	-2.3509258465011045	0.9303092542164303	-1.4206165922846743	0.9303092542164303
2.695000000001263	-2.3550836663025674	0.9344670963547173	-1.4206165699478503	0.9344670963547173
2.7000000000012734	-2.361013084173708	0.9403965231898637	-1.4206165609838444	0.9403965231898637
2.705000000001284	-2.3683164188535475	0.9476998312505639	-1.4206165876029837	0.9476998312505639
2.7100000000012945	-2.3754990637692637	0.95488243020887	-1.4206166335603938	0.95488243020887
2.715000000001305	-2.3803824989385576	0.9597658040490938	-1.4206166948894636	0.9597658040490938
2.7200000000013156	-2.3807117949899084	0.9600950418260557	-1.4206167531638527	0.9600950418260557
2.725000000001326	-2.3746510838478794	0.9540342995397979	-1.4206167843080817	0.9540342995397979
2.7300000000013367	-2.3612083495677147	0.9405915784392627	-1.420616771128452	0.9405915784392627
2.7350000000013472	-2.340763323481282	0.9201465709922049	-1.4206167524890776	0.9201465709922049
2.740000000001358	-2.3155691392803095	0.8949524627478417	-1.420616676532468	0.8949524627478417
2.7450000000013683	-2.289529314212288	0.868912743995903	-1.4206165702163849	0.868912743995903
2.750000000001379	-2.266821357211903	0.846204844488323	-1.4206165127235801	0.846204844488323
2.7550000000013894	-2.250244749020199	0.8296282704555109	-1.4206164785646882	0.8296282704555109
2.7600000000014	-2.240697903436322	0.8200814345066888	-1.4206164689296334	0.8200814345066888
2.7650000000014106	-2.2378186399250213	0.8172021526206535	-1.4206164873043676	0.8172021526206535
2.770000000001421	-2.2406096885785733	0.8199931574706594	-1.4206165311079137	0.8199931574706594
2.7750000000014317	-2.2475821508610467	0.8269655828136645	-1.4206165680473821	0.8269655828136645
2.780000000001442	-2.256878305713317	0.8362617014337204	-1.4206166042795965	0.8362617014337204
2.7850000000014528	-2.2666271410876124	0.846010525710695	-1.4206166153769175	0.846010525710695
2.7900000000014633	-2.2753178444593307	0.8547012129223402	-1.4206166315369904	0.8547012129223402
2.795000000001474	-2.281955712347755	0.8613390749361297	-1.4206166374116254	0.8613390749361297
2.8000000000014844	-2.2860511782838278	0.8654345422740422	-1.4206166360097854	0.8654345422740422
2.805000000001495	-2.2875579789797125	0.8669413518609496	-1.420616627118763	0.8669413518609496
2.8100000000015055	-2.286804699455772	0.8661881015512546	-1.4206165979045176	0.8661881015512546
2.815000000001516	-2.284432590051347	0.8638160304738371	-1.4206165595775098	0.8638160304738371
2.8200000000015266	-2.281330948417149	0.8607144001015975	-1.4206165483155513	0.8607144001015975
2.825000000001537	-2.2785496077953815	0.8579331191027799	-1.4206164886926016	0.8579331191027799
2.8300000000015477	-2.2771518612505615	0.8565354096921386	-1.4206164515584225	0.8565354096921386
2.8350000000015583	-2.277964043284549	0.8573476012446142	-1.420616442039935	0.8573476012446142
2.840000000001569	-2.28128805637637	0.8606716155398634	-1.4206164408365067	0.8606716155398634
2.8450000000015794	-2.286729776622347	0.8661133073822724	-1.4206164692400751	0.8661133073822724
2.85000000000159	-2.2932576226041452	0.8726411035109574	-1.4206165190931876	0.8726411035109574
2.8550000000016005	-2.299493798239318	0.8788772431598872	-1.420616555079431	0.8788772431598872
2.860000000001611	-2.3040337052770665	0.8834171227032551	-1.4206165825738117	0.8834171227032551
2.8650000000016216	-2.305726035354872	0.8851094195529767	-1.4206166158018954	0.8851094195529767
2.870000000001632	-2.3038871059059556	0.8832704847723868	-1.4206166211335687	0.8832704847723868
2.8750000000016427	-2.2985102028241418	0.8778936085771537	-1.4206165942469884	0.8778936085771537
2.8800000000016532	-2.29043183161345	0.8698152789470097	-1.42061655266644	0.8698152789470097
2.885000000001664	-2.2813155380886605	0.8606990243959687	-1.4206165136926916	0.8606990243959687
2.8900000000016743	-2.2732946162594034	0.8526781621068156	-1.4206164541525879	0.8526781621068156
2.895000000001685	-2.268353832616995	0.8477374018140413	-1.4206164308029536	0.8477374018140413
2.9000000000016954	-2.267717267784225	0.8471008394341253	-1.4206164283501	0.8471008394341253
2.905000000001706	-2.2715554388796253	0.8509389986671043	-1.420616440212521	0.8509389986671043
2.9100000000017165	-2.279008710269469	0.858392230397245	-1.4206164798722238	0.858392230397245
2.915000000001727	-2.288355051760373	0.8677385149756752	-1.420616536784698	0.8677385149756752
2.9200000000017377	-2.297340030416487	0.8767234197906917	-1.4206166106257951	0.8767234197906917
2.925000000001748	-2.3037108207242	0.8830941798559085	-1.4206166408682912	0.8830941798559085
2.9300000000017588	-2.305805814539953	0.8851891355389719	-1.420616679000981	0.8851891355389719
2.9350000000017693	-2.302919067862836	0.8823024061642013	-1.4206166616986347	0.8823024061642013
2.94000000000178	-2.2952504050470095	0.8746337637848314	-1.4206166412621783	0.8746337637848314
2.9450000000017904	-2.283616015415358	0.8629994104400892	-1.4206166049752693	0.8629994104400892
2.950000000001801	-2.269098694193648	0.8484821104227389	-1.420616583770909	0.8484821104227389
2.9550000000018115	-2.252923067970821	0.8323065031083539	-1.4206165648624671	0.8323065031083539
2.960000000001822	-2.2365767485503896	0.815960264013715	-1.4206164845366742	0.815960264013715
2.9650000000018326	-2.222016397401077	0.8013999671218389	-1.420616430279238	0.8013999671218389
2.970000000001843	-2.2115686193700044	0.7909522202475913	-1.4206163991224132	0.7909522202475913
2.9750000000018537	-2.2072969765687636	0.7866805998564129	-1.4206163767123507	0.7866805998564129
2.9800000000018643	-2.2101969434207103	0.7895805444241415	-1.4206163989965686	0.7895805444241415
2.985000000001875	-2.2199623065551344	0.7993458576572414	-1.420616448897893	0.7993458576572414
2.9900000000018854	-2.2354446320869297	0.8148281586142282	-1.4206164734727014	0.8148281586142282
2.995000000001896	-2.2552071819051833	0.8345906735024121	-1.4206165084027713	0.8345906735024121
3.0000000000019065	-2.2776579282718354	0.8570413497782257	-1.4206165784936098	0.8570413497782257
3.005000000001917	-2.3008938562034116	0.8802772188109654	-1.420616637392446	0.8802772188109654
3.0100000000019276	-2.3227531813136046	0.9021365156621859	-1.4206166656514188	0.9021365156621859
3.015000000001938	-2.3412197760783418	0.9206030780495708	-1.4206166980287713	0.9206030780495708
3.0200000000019487	-2.35492059509671	0.9343039047048046	-1.4206166903919055	0.9343039047048046
3.0250000000019592	-2.3633986363562896	0.9427819512037209	-1.4206166851525688	0.9427819512037209
3.03000000000197	-2.367063567150375	0.9464469199861909	-1.4206166471641841	0.9464469199861909
3.0350000000019803	-2.3669202667538913	0.9463036601597675	-1.420616606594124	0.9463036601597675
3.040000000001991	-2.3641735732183324	0.9435569923798162	-1.4206165808385165	0.9435569923798162
3.0450000000020014	-2.3598559457154042	0.9392393657145446	-1.4206165800008597	0.9392393657145446
3.050000000002012	-2.3545897478255355	0.933973157885617	-1.4206165899399184	0.933973157885617
3.0550000000020225	-2.348561808896343	0.9279452272772786	-1.4206165816190646	0.9279452272772786
3.060000000002033	-2.3416586363725016	0.921042044925511	-1.4206165914469904	0.921042044925511
3.0650000000020436	-2.3336532811446173	0.9130366763996892	-1.420616604744928	0.9130366763996892
3.070000000002054	-2.324346560179536	0.9037299376773776	-1.4206166225021581	0.9037299376773776
3.0750000000020647	-2.3136681976446236	0.8930515600905096	-1.4206166375541138	0.8930515600905096
3.0800000000020753	-2.3017422445779427	0.8811256244797648	-1.4206166200981778	0.8811256244797648
3.085000000002086	-2.289000274144548	0.8683836792721792	-1.420616594872369	0.8683836792721792
3.0900000000020964	-2.2762672784313147	0.8556507204861978	-1.4206165579451169	0.8556507204861978
3.095000000002107	-2.264777593760414	0.8441610714163994	-1.4206165223440146	0.8441610714163994
3.1000000000021175	-2.2559774758152717	0.8353609953919434	-1.4206164804233286	0.8353609953919434
3.105000000002128	-2.2511651227805367	0.8305486689191329	-1.420616453861404	0.8305486689191329
3.1100000000021386	-2.2511031419902094	0.8304867110951077	-1.420616430895102	0.8304867110951077
3.115000000002149	-2.255820528658353	0.8352040952707008	-1.420616433387652	0.8352040952707008
3.1200000000021597	-2.2647031418270114	0.8440866814705982	-1.4206164603564133	0.8440866814705982
3.1250000000021703	-2.2768003320485573	0.856183866017373	-1.420616466031184	0.856183866017373
3.130000000002181	-2.291147153759796	0.8705306646976158	-1.4206164890621802	0.8705306646976158
3.1350000000021914	-2.3069142890161753	0.8862977814233389	-1.4206165075928363	0.8862977814233389
3.140000000002202	-2.3233321079018827	0.902715583662802	-1.4206165242390807	0.902715583662802
3.1450000000022125	-2.3394899468789596	0.9188734200097002	-1.4206165268692592	0.9188734200097002
3.150000000002223	-2.3542065259252407	0.933589987091497	-1.420616538833744	0.933589987091497
3.1550000000022336	-2.3661908663742786	0.9455743138725242	-1.4206165525017542	0.9455743138725242
3.160000000002244	-2.3744022507185814	0.9537856813754659	-1.4206165693431154	0.9537856813754659
3.1650000000022547	-2.3783944635197685	0.9577778900464772	-1.4206165734732912	0.9577778900464772
3.1700000000022652	-2.3784169506603363	0.9578003312205327	-1.4206166194398038	0.9578003312205327
3.175000000002276	-2.3752894043984965	0.9546728059898253	-1.420616598408671	0.9546728059898253
3.1800000000022863	-2.3701345152772375	0.9495179677448609	-1.4206165475323764	0.9495179677448609
3.185000000002297	-2.3640281615306438	0.9434116300875627	-1.4206165314430812	0.9434116300875627
3.1900000000023074	-2.35766774459606	0.9370512297433288	-1.4206165148527312	0.9370512297433288
3.195000000002318	-2.351157930952663	0.9305413777985271	-1.4206165531541362	0.9305413777985271
3.2000000000023285	-2.344017380769863	0.9234008110747619	-1.4206165696951012	0.9234008110747619
3.205000000002339	-2.3353976404846217	0.9147810338523493	-1.4206166066322725	0.9147810338523493
3.2100000000023496	-2.3244571652630963	0.9038405418103735	-1.4206166234527224	0.9038405418103735
3.21500000000236	-2.310761451142873	0.8901448288270326	-1.4206166223158403	0.8901448288270326
3.2200000000023707	-2.294584556146981	0.8739679379383557	-1.4206166182086253	0.8739679379383557
3.2250000000023813	-2.277001976313872	0.8563853980035526	-1.420616578310319	0.8563853980035526
3.230000000002392	-2.2597093722236785	0.8390928431798568	-1.4206165290438215	0.8390928431798568
3.2350000000024024	-2.2445678193217615	0.8239513276491108	-1.4206164916726505	0.8239513276491108
3.240000000002413	-2.2330609661354517	0.812444503503568	-1.4206164626318836	0.812444503503568
3.2450000000024235	-2.225939964378983	0.805323485415784	-1.4206164789631988	0.805323485415784
3.250000000002434	-2.223261470322617	0.8026449950173614	-1.4206164753052553	0.8026449950173614
3.2550000000024446	-2.2246855756560806	0.8040690881194063	-1.4206164875366745	0.8040690881194063
3.260000000002455	-2.2296798269771	0.8090633270967886	-1.4206164998803115	0.8090633270967886
3.2650000000024657	-2.23745570382036	0.8168391658024591	-1.420616538017901	0.8168391658024591
3.2700000000024763	-2.2468172950923844	0.8262007167693176	-1.4206165783230669	0.8262007167693176
3.275000000002487	-2.2562334623432	0.8356168407613583	-1.4206166215818417	0.8356168407613583
3.2800000000024974	-2.2642152087786247	0.8435985890954423	-1.4206166196831822	0.8435985890954423
3.285000000002508	-2.269693249584761	0.8490766107653798	-1.4206166388193813	0.8490766107653798
3.2900000000025185	-2.2721749691410396	0.8515583505218793	-1.42061661861916	0.8515583505218793
3.295000000002529	-2.271653677336463	0.851037065189292	-1.420616612147171	0.851037065189292
3.3000000000025396	-2.268427259806852	0.8478106446535798	-1.4206166151532722	0.8478106446535798
3.30500000000255	-2.262986552052931	0.8423699530113737	-1.4206165990415573	0.8423699530113737
3.3100000000025607	-2.256024908962357	0.8354083156002858	-1.420616593362071	0.8354083156002858
3.3150000000025712	-2.24847513504327	0.8278585663705109	-1.420616568672759	0.8278585663705109
3.3200000000025818	-2.2415258081128315	0.8209092761850973	-1.4206165319277344	0.8209092761850973
3.3250000000025923	-2.2365910016498516	0.8159744867089135	-1.4206165149409378	0.8159744867089135
3.330000000002603	-2.235178659793493	0.814562211250388	-1.4206164485431048	0.814562211250388
3.3350000000026134	-2.2385552062697043	0.8179387808937697	-1.4206164253759346	0.8179387808937697
3.340000000002624	-2.247251217970301	0.8266347895176743	-1.4206164284526266	0.8266347895176743
3.3450000000026345	-2.260651757502584	0.8400352901360715	-1.4206164673665125	0.8400352901360715
3.350000000002645	-2.2770320008873943	0.8564154702024139	-1.4206165306849805	0.8564154702024139
3.3550000000026556	-2.2940737598106136	0.8734571757098988	-1.4206165841007148	0.8734571757098988
3.360000000002666	-2.3095104730551084	0.8888938457854401	-1.420616627269668	0.8888938457854401
3.3650000000026767	-2.3215751062056755	0.9009584502946852	-1.4206166559109903	0.9009584502946852
3.3700000000026873	-2.329144233316321	0.9085275875857544	-1.4206166457305665	0.9085275875857544
3.375000000002698	-2.331689479778707	0.911072827108234	-1.4206166526704729	0.911072827108234
3.3800000000027084	-2.329193067392591	0.9085764128438728	-1.4206166545487182	0.9085764128438728
3.385000000002719	-2.322063934519187	0.9014472955873258	-1.420616638931861	0.9014472955873258
3.3900000000027295	-2.3110879819302177	0.8904713470697945	-1.4206166348604234	0.8904713470697945
3.39500000000274	-2.2973516228446536	0.8767350365062544	-1.4206165863383993	0.8767350365062544
3.4000000000027506	-2.2821469807098445	0.8615304314489961	-1.4206165492608482	0.8615304314489961
3.405000000002761	-2.2668648075789672	0.846248302595595	-1.420616504983372	0.846248302595595
3.4100000000027717	-2.252890188177781	0.8322737464794697	-1.4206164416983114	0.8322737464794697
3.4150000000027823	-2.2415023218257706	0.8208859016772478	-1.4206164201485225	0.8208859016772478
3.420000000002793	-2.2337876911041956	0.8131712961315691	-1.4206163949726267	0.8131712961315691
3.4250000000028034	-2.230549888080395	0.8099334802835191	-1.420616407796876	0.8099334802835191
3.430000000002814	-2.2322231176090246	0.8116066888032506	-1.4206164288057739	0.8116066888032506
3.4350000000028245	-2.238805457978704	0.818189018163499	-1.4206164398152048	0.818189018163499
3.440000000002835	-2.249841719511279	0.8292252747303793	-1.4206164447809	0.8292252747303793
3.4450000000028456	-2.264407516963817	0.8437910216274744	-1.4206164953363425	0.8437910216274744
3.450000000002856	-2.2811176964492663	0.8605011643193597	-1.4206165321299065	0.8605011643193597
3.4550000000028667	-2.298209287315313	0.8775927222420765	-1.420616565073236	0.8775927222420765
3.460000000002877	-2.3137902590476327	0.8931736422898472	-1.4206166167577856	0.8931736422898472
3.4650000000028878	-2.3262140718685087	0.9055974308149068	-1.4206166410536019	0.9055974308149068
3.4700000000028983	-2.3344152328405716	0.9137985834832228	-1.4206166493573489	0.9137985834832228
3.475000000002909	-2.338070489913164	0.9174538047463366	-1.4206166851668272	0.9174538047463366
3.4800000000029194	-2.3374921262848884	0.9168754517883834	-1.4206166744965054	0.9168754517883834
3.48500000000293	-2.3333542941067567	0.9127376710548917	-1.4206166230518653	0.9127376710548917
3.4900000000029405	-2.3263992119217543	0.9057825779361056	-1.4206166339856485	0.9057825779361056
3.495000000002951	-2.317269041223198	0.8966524328739797	-1.4206166083492187	0.8966524328739797
3.5000000000029616	-2.3065507459876646	0.8859341580428903	-1.420616587944774	0.8859341580428903
3.505000000002972	-2.2949435344178566	0.8743269672619259	-1.4206165671559308	0.8743269672619259
3.5100000000029827	-2.2833800161555953	0.862763451695739	-1.4206165644598565	0.862763451695739
3.5150000000029933	-2.272845240094298	0.8522286810763504	-1.4206165590179476	0.8522286810763504
3.520000000003004	-2.263926633257462	0.8433100815283369	-1.4206165517291254	0.8433100815283369
3.5250000000030144	-2.2565081093897215	0.8358915533439887	-1.4206165560457327	0.8358915533439887
3.530000000003025	-2.2499836932553343	0.8293671156601442	-1.42061657759519	0.8293671156601442
3.5350000000030355	-2.2438523195470585	0.823235726109013	-1.4206165934380457	0.823235726109013
3.540000000003046	-2.2381001567351237	0.8174835669528434	-1.4206165897822804	0.8174835669528434
3.5450000000030566	-2.233045040696929	0.8124284446170645	-1.4206165960798645	0.8124284446170645
3.550000000003067	-2.228832168649191	0.8082155645389082	-1.420616604110283	0.8082155645389082
3.5550000000030777	-2.2250664624023866	0.8044498240451067	-1.4206166383572798	0.8044498240451067
3.5600000000030882	-2.220890516474533	0.800273833897486	-1.4206166825770472	0.800273833897486
3.565000000003099	-2.215444072118095	0.7948273973402012	-1.4206166747778934	0.7948273973402012
3.5700000000031094	-2.2084484672006024	0.787831825662661	-1.4206166415379413	0.787831825662661
3.57500000000312	-2.200722034555155	0.7801054410500344	-1.4206165935051205	0.7801054410500344
3.5800000000031305	-2.194448019968888	0.773831502573561	-1.4206165173953267	0.773831502573561
3.585000000003141	-2.1929155404655862	0.7722990838447885	-1.420616456620798	0.7722990838447885
3.5900000000031516	-2.1992444632426773	0.7786280517382375	-1.42061641150444	0.7786280517382375
3.595000000003162	-2.214408777832338	0.7937923019457355	-1.420616475886602	0.7937923019457355
3.6000000000031727	-2.236181261652243	0.8155646796585198	-1.4206165819937235	0.8155646796585198
3.605000000003183	-2.260252296626045	0.8396356114288772	-1.420616685197168	0.8396356114288772
3.6100000000031938	-2.2824277518601845	0.8618110320678598	-1.4206167197923247	0.8618110320678598
3.6150000000032043	-2.3000583589084913	0.879441618942189	-1.4206167399663026	0.879441618942189
3.620000000003215	-2.312174930277651	0.8915582021389694	-1.420616728138682	0.8915582021389694
3.6250000000032254	-2.3189494524293175	0.8983327614317272	-1.4206166909975904	0.8983327614317272
3.630000000003236	-2.321084319334405	0.9004676428953752	-1.4206166764390298	0.9004676428953752
3.6350000000032465	-2.3193570486877637	0.8987403923520971	-1.4206166563356664	0.8987403923520971
3.640000000003257	-2.3143273869853562	0.8937107129025244	-1.420616674082832	0.8937107129025244
3.6450000000032676	-2.306292835734069	0.8856761576528398	-1.4206166780812293	0.8856761576528398
3.650000000003278	-2.2954748768757622	0.874858220157158	-1.4206166567186043	0.874858220157158
3.6550000000032887	-2.2823854998052227	0.8617688893767809	-1.420616610428442	0.8617688893767809
3.6600000000032993	-2.2682061263417563	0.8475895804291764	-1.42061654591258	0.8475895804291764
3.66500000000331	-2.2549438687909014	0.8343273646500359	-1.4206165041408654	0.8343273646500359
3.6700000000033204	-2.245110800081723	0.8244943508111868	-1.420616449270536	0.8244943508111868
3.675000000003331	-2.2408950857091607	0.820278672904885	-1.4206164128042758	0.820278672904885
3.6800000000033415	-2.243227950234174	0.8226115278705188	-1.420616422363655	0.8226115278705188
3.685000000003352	-2.251354573614468	0.830738095450781	-1.420616478163687	0.830738095450781
3.6900000000033626	-2.2631690494782966	0.8425525028197148	-1.4206165466585818	0.8425525028197148
3.695000000003373	-2.2760535571566343	0.8554369600659917	-1.4206165970906426	0.8554369600659917
3.7000000000033837	-2.2877250959788937	0.8671084585643796	-1.4206166374145142	0.8671084585643796
3.7050000000033942	-2.296797675061454	0.8761810503862741	-1.4206166246751797	0.8761810503862741
3.710000000003405	-2.3029553766372364	0.8823387460648391	-1.420616630572397	0.8823387460648391
3.7150000000034153	-2.3067756870945897	0.8861590737124206	-1.4206166133821692	0.8861590737124206
3.720000000003426	-2.3093617475118693	0.8887451716928689	-1.4206165758190001	0.8887451716928689
3.7250000000034365	-2.3119441923965356	0.8913276182260768	-1.4206165741704586	0.8913276182260768
3.730000000003447	-2.315577738879641	0.8949611805635	-1.4206165583161408	0.8949611805635
3.7350000000034576	-2.3209049586230037	0.9002884095231051	-1.4206165490998988	0.9002884095231051
3.740000000003468	-2.327968551621666	0.9073519936567394	-1.4206165579649266	0.9073519936567394
3.7450000000034787	-2.3361151592623965	0.9154985619331768	-1.4206165973292195	0.9154985619331768
3.750000000003489	-2.344070678127742	0.923454023926988	-1.4206166542007537	0.923454023926988
3.7550000000034998	-2.350221784065834	0.9296050686502606	-1.4206167154155735	0.9296050686502606
3.7600000000035103	-2.3530276959381022	0.9324109463298327	-1.4206167496082696	0.9324109463298327
3.765000000003521	-2.3514766196062262	0.9308598976875595	-1.4206167219186667	0.9308598976875595
3.7700000000035314	-2.3454581508959134	0.9248414412124353	-1.420616709683478	0.9248414412124353
3.775000000003542	-2.335984278984081	0.915367656507414	-1.4206166224766668	0.915367656507414
3.7800000000035525	-2.325072638984261	0.9044560558262412	-1.42061658315802	0.9044560558262412
3.785000000003563	-2.315036526425171	0.8944199594989538	-1.4206165669262174	0.8944199594989538
3.7900000000035736	-2.307269406910344	0.8866528503698006	-1.4206165565405433	0.8866528503698006
3.795000000003584	-2.3013723841526836	0.8807557927482189	-1.4206165914044646	0.8807557927482189
3.8000000000035947	-2.2955890168727957	0.8749723816326329	-1.420616635240163	0.8749723816326329
3.8050000000036053	-2.288418656213436	0.8678020204393312	-1.4206166357741052	0.8678020204393312
3.810000000003616	-2.28004784959416	0.8594312802372612	-1.4206165693568988	0.8594312802372612
3.8150000000036264	-2.2725021039071205	0.8518856092423752	-1.4206164946647453	0.8518856092423752
3.820000000003637	-2.26840722397226	0.8477907653179634	-1.4206164586542969	0.8477907653179634
3.8250000000036475	-2.2692262665776144	0.8486097923936117	-1.4206164741840026	0.8486097923936117
3.830000000003658	-2.2743023736596104	0.8536858252490174	-1.420616548410593	0.8536858252490174
3.8350000000036686	-2.281379783461895	0.8607631625536533	-1.4206166209082418	0.8607631625536533
3.840000000003679	-2.287991340572595	0.8673747034340121	-1.4206166371385829	0.8673747034340121
3.8450000000036897	-2.2925911256959246	0.8719744883801427	-1.4206166373157822	0.8719744883801427
3.8500000000037002	-2.2949113022854077	0.8742946883664353	-1.4206166139189724	0.8742946883664353
3.855000000003711	-2.295709808023409	0.8750932365833389	-1.42061657144007	0.8750932365833389
3.8600000000037213	-2.296257679496489	0.8756411412053069	-1.4206165382911822	0.8756411412053069
3.865000000003732	-2.2978330069658073	0.8772164979364941	-1.4206165090293128	0.8772164979364941
3.8700000000037424	-2.3013580074634077	0.8807415313322302	-1.420616476131177	0.8807415313322302
3.875000000003753	-2.3071791901340495	0.8865626995651226	-1.420616490568927	0.8865626995651226
3.8800000000037635	-2.3150081624868584	0.8943916499396454	-1.4206165125472128	0.8943916499396454
3.885000000003774	-2.324015566331137	0.9033990466801829	-1.420616519650954	0.9033990466801829
3.8900000000037847	-2.333044979890083	0.9124284424168387	-1.4206165374732445	0.9124284424168387
3.895000000003795	-2.3409250839920204	0.9203085227953299	-1.4206165611966908	0.9203085227953299
3.9000000000038058	-2.3467868491102992	0.9261703056313786	-1.4206165434789204	0.9261703056313786
3.9050000000038163	-2.3502817245037213	0.929665190074002	-1.4206165344297192	0.929665190074002
3.910000000003827	-2.351589210630204	0.9309727012597278	-1.4206165093704766	0.9309727012597278
3.9150000000038374	-2.3510988075654278	0.9304822933999755	-1.4206165141654525	0.9304822933999755
3.920000000003848	-2.3489341970488122	0.9283176609414763	-1.4206165361073357	0.9283176609414763
3.9250000000038585	-2.3445945802782266	0.9239780262808813	-1.4206165539973452	0.9239780262808813
3.930000000003869	-2.337023280819109	0.9164066694533982	-1.420616611365711	0.9164066694533982
3.9350000000038796	-2.3250695893566733	0.9044529616277869	-1.4206166277288867	0.9044529616277869
3.94000000000389	-2.3080622980376178	0.8874456628546566	-1.4206166351829614	0.8874456628546566
3.9450000000039007	-2.286180383229752	0.8655637826095781	-1.420616600620174	0.8655637826095781
3.9500000000039113	-2.260563274555861	0.8399467298026508	-1.42061654475321	0.8399467298026508
3.955000000003922	-2.2331670610760765	0.8125505790510872	-1.4206164820249896	0.8125505790510872
3.9600000000039324	-2.2064165356078957	0.7858001240708085	-1.4206164115370876	0.7858001240708085
3.965000000003943	-2.1827381002357655	0.7621217232561444	-1.4206163769796212	0.7621217232561444
3.9700000000039535	-2.164126144188994	0.7435098232338162	-1.4206163209551779	0.7435098232338162
3.975000000003964	-2.151877018986129	0.7312606977155012	-1.4206163212706275	0.7312606977155012
3.9800000000039746	-2.146539146993409	0.7259228232145523	-1.420616323778857	0.7259228232145523
3.985000000003985	-2.1479995953583586	0.7273832671477524	-1.4206163282106061	0.7273832671477524
3.9900000000039957	-2.1555647103316717	0.7349483681233551	-1.4206163422083167	0.7349483681233551
3.9950000000040062	-2.167990940720924	0.7473745492191496	-1.4206163915017742	0.7473745492191496
4.000000000004016	-2.18350791121472	0.7628914705304193	-1.420616440684301	0.7628914705304193
4.005000000004005	-2.199931475018121	0.7793149833309352	-1.420616491687186	0.7793149833309352
4.010000000003993	-2.21486572731302	0.7942492040185931	-1.420616523294427	0.7942492040185931
4.015000000003981	-2.225999674101438	0.805383099730806	-1.4206165743706318	0.805383099730806
4.02000000000397	-2.2314213190514622	0.8108047082347802	-1.420616610816682	0.8108047082347802
4.025000000003958	-2.2299367566733967	0.8093201425064491	-1.4206166141669474	0.8093201425064491
4.030000000003946	-2.221379106935278	0.8007625057475688	-1.4206166011877093	0.8007625057475688
4.035000000003935	-2.20682659097468	0.7862100512274892	-1.4206165397471904	0.7862100512274892
4.040000000003923	-2.1885466251400723	0.7679301620955349	-1.4206164630445375	0.7679301620955349
4.0450000000039115	-2.1694245292108025	0.7488081188026858	-1.4206164104081165	0.7488081188026858
4.0500000000039	-2.1519213550565808	0.7313049810589469	-1.4206163739976336	0.7313049810589469
4.055000000003888	-2.1372138109998664	0.7165974546479329	-1.4206163563519334	0.7165974546479329
4.0600000000038765	-2.125250426564012	0.7046340639680779	-1.420616362595934	0.7046340639680779
4.065000000003865	-2.115627776592001	0.6950114172214455	-1.4206163593705554	0.6950114172214455
4.070000000003853	-2.1084764096232003	0.6878600712718429	-1.4206163383513573	0.6878600712718429
4.0750000000038415	-2.1047311105152517	0.6841147983653109	-1.4206163121499407	0.6841147983653109
4.08000000000383	-2.1057109876670626	0.6850946956906807	-1.4206162919763818	0.6850946956906807
4.085000000003818	-2.1123783300871737	0.6917620452585715	-1.4206162848286021	0.6917620452585715
4.090000000003807	-2.1247348801345107	0.7041185712752183	-1.4206163088592922	0.7041185712752183
4.095000000003795	-2.1416155782400548	0.7209992041564892	-1.4206163740835656	0.7209992041564892
4.100000000003783	-2.1609139933220733	0.7402975520608445	-1.4206164412612288	0.7402975520608445
4.105000000003772	-2.180093871360433	0.7594773646189144	-1.4206165067415184	0.7594773646189144
4.11000000000376	-2.196824178971501	0.7762076431749605	-1.4206165357965406	0.7762076431749605
4.115000000003748	-2.2095929680857918	0.7889764199301225	-1.420616548155669	0.7889764199301225
4.120000000003737	-2.218139150758524	0.7975226186329654	-1.4206165321255588	0.7975226186329654
4.125000000003725	-2.2234565735908403	0.8028401108489873	-1.4206164627418527	0.8028401108489873
4.130000000003713	-2.2273057674847605	0.8066893232289161	-1.4206164442558447	0.8066893232289161
4.135000000003702	-2.231431367361892	0.8108149379016342	-1.4206164294602581	0.8108149379016342
4.14000000000369	-2.2370209923763156	0.8164045815785849	-1.4206164107977306	0.8164045815785849
4.145000000003678	-2.2446819465765593	0.824065548228583	-1.4206163983479763	0.824065548228583
4.150000000003667	-2.254628009872847	0.8340116019247943	-1.4206164079480528	0.8340116019247943
4.155000000003655	-2.2667116786487025	0.8460952559533021	-1.4206164226954003	0.8460952559533021
4.1600000000036434	-2.2803638613944126	0.8597474066082625	-1.4206164547861502	0.8597474066082625
4.165000000003632	-2.294780852245144	0.8741643837963997	-1.4206164684487446	0.8741643837963997
4.17000000000362	-2.3093553211518	0.8887388453439928	-1.4206164758078073	0.8887388453439928
4.1750000000036085	-2.323899403428378	0.903282946213547	-1.420616457214831	0.903282946213547
4.180000000003597	-2.3384326376249733	0.9178161610595343	-1.4206164765654392	0.9178161610595343
4.185000000003585	-2.3527757079073384	0.9321591857511735	-1.420616522156165	0.9321591857511735
4.1900000000035735	-2.3663409871994396	0.9457244478000173	-1.4206165393994223	0.9457244478000173
4.195000000003562	-2.3782533372811203	0.9576367335394855	-1.420616603741635	0.9576367335394855
4.20000000000355	-2.3875354694675837	0.9669188308023228	-1.420616638665261	0.9669188308023228
4.205000000003539	-2.393249656978102	0.9726329974516764	-1.4206166595264258	0.9726329974516764
4.210000000003527	-2.3945846429352313	0.973967945863901	-1.4206166970713303	0.973967945863901
4.215000000003515	-2.390882064519656	0.9702653768718603	-1.4206166876477955	0.9702653768718603
4.220000000003504	-2.3816209463550497	0.9610042432203926	-1.420616703134657	0.9610042432203926
4.225000000003492	-2.3664337009782073	0.9458169898115559	-1.4206167111666514	0.9458169898115559
4.23000000000348	-2.345345151700378	0.9247284576731016	-1.4206166940272764	0.9247284576731016
4.235000000003469	-2.3192939179974075	0.8986772823680188	-1.4206166356293886	0.8986772823680188
4.240000000003457	-2.2907921785484033	0.8701756293631658	-1.4206165491852374	0.8701756293631658
4.245000000003445	-2.264180322183738	0.8435638943156265	-1.4206164278681115	0.8435638943156265
4.250000000003434	-2.244721574152445	0.824105256792975	-1.4206163173594701	0.824105256792975
4.255000000003422	-2.236510324332609	0.8158940419226449	-1.4206162824099642	0.8158940419226449
4.26000000000341	-2.2405509350059107	0.8199345972985662	-1.4206163377073444	0.8199345972985662
4.265000000003399	-2.2545503546265855	0.8339339006736276	-1.4206164539529578	0.8339339006736276
4.270000000003387	-2.274300367560272	0.8536837919583481	-1.4206165756019242	0.8536837919583481
4.275000000003375	-2.2953242128805407	0.87470756848922	-1.4206166443913204	0.87470756848922
4.280000000003364	-2.3138694542984757	0.8932527551203786	-1.4206166991780969	0.8932527551203786
4.285000000003352	-2.327200704427453	0.9065839695296732	-1.42061673489778	0.9065839695296732
4.2900000000033405	-2.333558628410161	0.9129418839691303	-1.4206167444410303	0.9129418839691303
4.295000000003329	-2.3320672315090163	0.9114504949793047	-1.4206167365297113	0.9114504949793047
4.300000000003317	-2.3227325130913226	0.9021157885682904	-1.4206167245230321	0.9021157885682904
4.3050000000033055	-2.3065416688637606	0.8859249849669767	-1.420616683896784	0.8859249849669767
4.310000000003294	-2.28558607492714	0.8649694552321879	-1.4206166196949517	0.8649694552321879
4.315000000003282	-2.263069665409579	0.8424531425473474	-1.4206165228622318	0.8424531425473474
4.320000000003271	-2.242930483936121	0.8223140585521347	-1.4206164253839861	0.8223140585521347
4.325000000003259	-2.228955081147804	0.8083387285373002	-1.4206163526105038	0.8083387285373002
4.330000000003247	-2.2235466388061265	0.8029303058275421	-1.4206163329785841	0.8029303058275421
4.335000000003236	-2.2268278950546727	0.8062115098718885	-1.4206163851827842	0.8062115098718885
4.340000000003224	-2.2367179398107693	0.8161014796218725	-1.4206164601888969	0.8161014796218725
4.345000000003212	-2.249975299080538	0.8293587714800887	-1.4206165276004494	0.8293587714800887
4.350000000003201	-2.263441311755157	0.8428247313769431	-1.4206165803782143	0.8428247313769431
4.355000000003189	-2.274769595340972	0.8541529689045464	-1.4206166264364257	0.8541529689045464
4.360000000003177	-2.2825238331990136	0.8619071788707884	-1.420616654328225	0.8619071788707884
4.365000000003166	-2.285957556623953	0.8653409051774781	-1.4206166514464746	0.8653409051774781
4.370000000003154	-2.2848622925305313	0.8642456542912452	-1.420616638239286	0.8642456542912452
4.375000000003142	-2.279590337069854	0.8589737172049189	-1.420616619864935	0.8589737172049189
4.380000000003131	-2.2711830245324576	0.8505664430885109	-1.4206165814439464	0.8505664430885109
4.385000000003119	-2.2614575318509056	0.8408410034124714	-1.420616528438434	0.8408410034124714
4.390000000003107	-2.2528298746663022	0.8322134146785274	-1.4206164599877749	0.8322134146785274
4.395000000003096	-2.2477654761664527	0.8271490806258	-1.4206163955406526	0.8271490806258
4.400000000003084	-2.248034539683071	0.8274181477170324	-1.4206163919660388	0.8274181477170324
4.4050000000030725	-2.254171928605857	0.8335555115791883	-1.4206164170266686	0.8335555115791883
4.410000000003061	-2.265372604761838	0.8447561427771738	-1.420616461984664	0.8447561427771738
4.415000000003049	-2.279811518660038	0.8591949939261962	-1.4206165247338416	0.8591949939261962
4.4200000000030375	-2.2950886452339003	0.8744720777602438	-1.4206165674736564	0.8744720777602438
4.425000000003026	-2.3087153792458666	0.8880987553931964	-1.4206166238526703	0.8880987553931964
4.430000000003014	-2.318642300421169	0.8980256654366898	-1.420616634984479	0.8980256654366898
4.4350000000030025	-2.323807936744376	0.9031913166387318	-1.4206166201056443	0.9031913166387318
4.440000000002991	-2.3244981356268473	0.9038815643047775	-1.42061657132207	0.9038815643047775
4.445000000002979	-2.3222050765304307	0.9015885670624147	-1.4206165094680159	0.9015885670624147
4.450000000002968	-2.318951390904023	0.8983349549841431	-1.42061643591988	0.8983349549841431
4.455000000002956	-2.3163652821636616	0.895748862425712	-1.4206164197379496	0.895748862425712
4.460000000002944	-2.315011453714088	0.8943950018505462	-1.4206164518635416	0.8943950018505462
4.465000000002933	-2.314298212924352	0.8936817092391927	-1.4206165036851592	0.8936817092391927
4.470000000002921	-2.3128651432577696	0.8922485992032062	-1.4206165440545633	0.8922485992032062
4.475000000002909	-2.309204333199652	0.888587753331131	-1.420616579868521	0.888587753331131
4.480000000002898	-2.3022710528336625	0.8816544517194367	-1.4206166011142258	0.8816544517194367
4.485000000002886	-2.2919506859959	0.8713341048042793	-1.4206165811916207	0.8713341048042793
4.490000000002874	-2.2793181769350928	0.8587016461872197	-1.4206165307478726	0.8587016461872197
4.495000000002863	-2.2665971276567505	0.8459806699245993	-1.4206164577321514	0.8459806699245993
4.500000000002851	-2.256658777633919	0.8360423848171615	-1.4206163928167574	0.8360423848171615
4.505000000002839	-2.2520282133322134	0.8314118736725071	-1.4206163396597065	0.8314118736725071
4.510000000002828	-2.2537974691570493	0.8331811000110676	-1.4206163691459814	0.8331811000110676
4.515000000002816	-2.2611177820534927	0.8405013681327996	-1.4206164139206932	0.8405013681327996
4.520000000002804	-2.2717089213977353	0.8510924464919729	-1.4206164749057626	0.8510924464919729
4.525000000002793	-2.2829103606768233	0.8622938462706878	-1.4206165144061356	0.8622938462706878
4.530000000002781	-2.292525441954219	0.8719089048023144	-1.4206165371519046	0.8719089048023144
4.5350000000027695	-2.2991287106456095	0.8785121555296774	-1.4206165551159318	0.8785121555296774
4.540000000002758	-2.3020121203655997	0.881395557359106	-1.4206165630064935	0.881395557359106
4.545000000002746	-2.3010388352036855	0.8804222939743012	-1.4206165412293843	0.8804222939743012
4.5500000000027345	-2.2965793882142203	0.8759628817968677	-1.4206165064173524	0.8759628817968677
4.555000000002723	-2.289514815478133	0.8688983333058873	-1.4206164821722456	0.8688983333058873
4.560000000002711	-2.281134609921567	0.8605181724874751	-1.4206164374340915	0.8605181724874751
4.5650000000027	-2.2728634305200868	0.8522470396387446	-1.420616390881342	0.8522470396387446
4.570000000002688	-2.265785760838932	0.8451693714599106	-1.4206163893790213	0.8451693714599106
4.575000000002676	-2.2602481102628165	0.8396316976274136	-1.4206164126354028	0.8396316976274136
4.580000000002665	-2.2558111763770388	0.8351947477193401	-1.4206164286576983	0.8351947477193401
4.585000000002653	-2.2516634513807747	0.831047010975978	-1.4206164404047967	0.831047010975978
4.590000000002641	-2.2472497425826776	0.8266333047274537	-1.420616437855224	0.8266333047274537
4.59500000000263	-2.2426876261700452	0.8220711935575374	-1.420616432612508	0.8220711935575374
4.600000000002618	-2.238636515534637	0.8180201047476132	-1.4206164107870236	0.8180201047476132
4.605000000002606	-2.2356672266623483	0.8150508058995424	-1.4206164207628058	0.8150508058995424
4.610000000002595	-2.2335902219596306	0.8129737829769285	-1.4206164389827023	0.8129737829769285
4.615000000002583	-2.231334248821313	0.8107177667649715	-1.4206164820563414	0.8107177667649715
4.620000000002571	-2.2273991068702577	0.8067825876179862	-1.4206165192522715	0.8067825876179862
4.62500000000256	-2.2204848278368887	0.7998682884824864	-1.4206165393544024	0.7998682884824864
4.630000000002548	-2.209902161336572	0.7892856164089094	-1.4206165449276629	0.7892856164089094
4.635000000002536	-2.1957335092750254	0.7751169695608661	-1.4206165397141592	0.7751169695608661
4.640000000002525	-2.1789324343770873	0.7583159316528775	-1.42061650272421	0.7583159316528775
4.645000000002513	-2.161372138821791	0.7407556943025979	-1.4206164445191933	0.7407556943025979
4.6500000000025015	-2.1455883856916036	0.724971993295063	-1.420616392396541	0.724971993295063
4.65500000000249	-2.134095010974511	0.7134786562751368	-1.4206163546993742	0.7134786562751368
4.660000000002478	-2.1285862435216303	0.7079699293351817	-1.4206163141864485	0.7079699293351817
4.6650000000024665	-2.1295384400305934	0.7089221011791114	-1.420616338851482	0.7089221011791114
4.670000000002455	-2.136341816876759	0.71572545767986	-1.4206163591968988	0.71572545767986
4.675000000002443	-2.1476705087646963	0.7270541105191923	-1.420616398245504	0.7270541105191923
4.6800000000024315	-2.1618362318016064	0.7412197817755714	-1.4206164500260352	0.7412197817755714
4.68500000000242	-2.1770335853905998	0.7564171115848484	-1.4206164738057512	0.7564171115848484
4.690000000002408	-2.191524365654978	0.7709078543138442	-1.420616511341134	0.7709078543138442
4.695000000002397	-2.2038076537442306	0.7831911114920703	-1.4206165422521604	0.7831911114920703
4.700000000002385	-2.212801612600614	0.7921850664719918	-1.4206165461286222	0.7921850664719918
4.705000000002373	-2.218028254328432	0.7974116841459762	-1.4206165701824558	0.7974116841459762
4.710000000002362	-2.2197339251293866	0.7991173951468907	-1.420616529982496	0.7991173951468907
4.71500000000235	-2.2188129294722283	0.7981964345298601	-1.420616494942368	0.7981964345298601
4.720000000002338	-2.2165013353573713	0.7958848791080887	-1.4206164562492825	0.7958848791080887
4.725000000002327	-2.213865638072561	0.7932491963921641	-1.4206164416803972	0.7932491963921641
4.730000000002315	-2.2113779863155028	0.7907615596124369	-1.4206164267030659	0.7907615596124369
4.735000000002303	-2.2089328068894836	0.7883163584206015	-1.4206164484688821	0.7883163584206015
4.740000000002292	-2.2063155493942057	0.7856991060861599	-1.420616443308046	0.7856991060861599
4.74500000000228	-2.203692320249064	0.7830758769688722	-1.4206164432801915	0.7830758769688722
4.750000000002268	-2.201662703924051	0.7810462699648838	-1.4206164339591671	0.7810462699648838
4.755000000002257	-2.200877138877007	0.7802607031253381	-1.420616435751669	0.7802607031253381
4.760000000002245	-2.201561685744952	0.7809452367738793	-1.4206164489710726	0.7809452367738793
4.7650000000022334	-2.20332717229666	0.782710696758249	-1.4206164755384112	0.782710696758249
4.770000000002222	-2.2053746851736262	0.7847581954031669	-1.4206164897704594	0.7847581954031669
4.77500000000221	-2.2069463445802473	0.7863298432125765	-1.420616501367671	0.7863298432125765
4.7800000000021985	-2.207737706181038	0.7871212255032057	-1.420616480677832	0.7871212255032057
4.785000000002187	-2.2080467701037403	0.7874303422368389	-1.4206164278669013	0.7874303422368389
4.790000000002175	-2.2086112016940023	0.7879948180775637	-1.4206163836164385	0.7879948180775637
4.7950000000021635	-2.2102655887784994	0.7896492191803398	-1.4206163695981595	0.7896492191803398
4.800000000002152	-2.213583195869087	0.7929668158086	-1.4206163800604872	0.7929668158086
4.80500000000214	-2.218708858399009	0.7980924654000511	-1.4206163929989577	0.7980924654000511
4.810000000002129	-2.2253872218424773	0.8047708122920809	-1.4206164095503966	0.8047708122920809
4.815000000002117	-2.233133282418819	0.812516855011848	-1.420616427406971	0.812516855011848
4.820000000002105	-2.2413791239597987	0.8207626962551141	-1.4206164277046844	0.8207626962551141
4.825000000002094	-2.249566439766425	0.8289499857542592	-1.4206164540121657	0.8289499857542592
4.830000000002082	-2.257267015554739	0.8366505679406984	-1.4206164476140406	0.8366505679406984
4.83500000000207	-2.264382066922369	0.8437656441045693	-1.4206164228177993	0.8437656441045693
4.840000000002059	-2.2713050078350863	0.8506886103461996	-1.420616397488887	0.8506886103461996
4.845000000002047	-2.2788421583853946	0.8582257783971161	-1.4206163799882785	0.8582257783971161
4.850000000002035	-2.287840108568715	0.867223751811635	-1.42061635675708	0.867223751811635
4.855000000002024	-2.2987214978441597	0.8781051372861755	-1.4206163605579842	0.8781051372861755
4.860000000002012	-2.3112445283762124	0.8906281427103621	-1.4206163856658502	0.8906281427103621
4.865000000002	-2.3245777031106623	0.9039612976804289	-1.4206164054302333	0.9039612976804289
4.870000000001989	-2.3375831569601933	0.9169667199858965	-1.420616436974297	0.9169667199858965
4.875000000001977	-2.349059307665593	0.9284428294844504	-1.420616478181143	0.9284428294844504
4.880000000001965	-2.3578763932147715	0.9372598910536175	-1.4206165021611539	0.9372598910536175
4.885000000001954	-2.363055860441799	0.9424393037733122	-1.4206165566684867	0.9424393037733122
4.890000000001942	-2.3638751249132	0.9432585617545296	-1.4206165631586702	0.9432585617545296
4.8950000000019305	-2.3600785396242587	0.9394619620961331	-1.4206165775281259	0.9394619620961331
4.900000000001919	-2.352104154997854	0.9314876121166614	-1.4206165428811923	0.9314876121166614
4.905000000001907	-2.3412391806893016	0.9206227041862323	-1.4206164765030693	0.9206227041862323
4.9100000000018955	-2.329582683947761	0.908966240607359	-1.4206164433404018	0.908966240607359
4.915000000001884	-2.3196509945856754	0.8990346190276215	-1.4206163755580536	0.8990346190276215
4.920000000001872	-2.3136877787203427	0.8930714372958646	-1.4206163414244781	0.8930714372958646
4.925000000001861	-2.3129224881925365	0.8923061275091585	-1.4206163606833782	0.8923061275091585
4.930000000001849	-2.317108962667154	0.8964925627083861	-1.4206163999587682	0.8964925627083861
4.935000000001837	-2.324538667453767	0.903922186233024	-1.4206164812207431	0.903922186233024
4.940000000001826	-2.332472469748142	0.9118559067785178	-1.420616562969624	0.9118559067785178
4.945000000001814	-2.337863605426707	0.917246987316039	-1.420616618110668	0.917246987316039
4.950000000001802	-2.3382519361856877	0.9176353105002493	-1.4206166256854384	0.9176353105002493
4.955000000001791	-2.3325707281317323	0.9119541150104723	-1.42061661312126	0.9119541150104723
4.960000000001779	-2.3213664026461793	0.9007498140496668	-1.4206165885965125	0.9007498140496668
4.965000000001767	-2.306095304066937	0.8854787346879016	-1.4206165693790354	0.8854787346879016
4.970000000001756	-2.2879202088291613	0.867303643419966	-1.420616565409195	0.867303643419966
4.975000000001744	-2.2671335100357077	0.8465169056103521	-1.4206166044253559	0.8465169056103521
4.980000000001732	-2.2437482017222443	0.8231316312915109	-1.4206165704307336	0.8231316312915109
4.985000000001721	-2.2186839751887324	0.7980674769314245	-1.4206164982573077	0.7980674769314245
4.990000000001709	-2.1945683488313525	0.7739519423410463	-1.4206164064903064	0.7739519423410463
4.995000000001697	-2.1756798560445643	0.7550635457470303	-1.4206163102975342	0.7550635457470303
5.000000000001686	-2.1669752506924915	0.7463590413679365	-1.4206162093245553	0.7463590413679365
