# t-t0	Cv	<r^2>
-3.8746783559417963e-14	2.6486560768923475	0.0
0.009999999999960152	2.697871612064394	0.0002712796139825198
0.01999999999995905	2.7083135416112065	0.0011046984214374657
0.02999999999995795	2.67582052841755	0.002511525314936484
0.03999999999995685	2.5943076641366885	0.004471025461851793
0.049999999999955747	2.455100429838144	0.006924130638622801
0.059999999999954645	2.2495237049123187	0.009772102585384473
0.06999999999995354	1.9814636074832368	0.01288999814625166
0.07999999999995244	1.6898353638008607	0.016182152700954036
0.08999999999995134	1.437985796403612	0.01966243531621073
0.09999999999995024	1.2596584357887388	0.02344486908980435
0.10999999999994914	1.1458652342018576	0.027641021216818093
0.11999999999994804	1.0744986148557607	0.03229519934360853
0.12999999999994694	1.0280613866273076	0.03738590778239838
0.13999999999994583	0.9935061834272209	0.04284520107927805
0.14999999999994473	0.9579889873302944	0.04856055808983796
0.15999999999994363	0.9131520937042962	0.0543684676200579
0.16999999999994253	0.8690211772370838	0.06011066201043775
0.17999999999994143	0.8510674447412251	0.06575491968416727
0.18999999999994033	0.8716618922563499	0.0714060434090245
0.19999999999993923	0.9201483411680345	0.07719454695890846
0.20999999999993813	0.9789703035756037	0.08321975656405986
0.21999999999993702	1.03784004734833	0.08955561268939087
0.22999999999993592	1.0950106813937226	0.09625001070600783
0.23999999999993482	1.1512235219003335	0.10331101600458932
0.24999999999993372	1.2040408074961844	0.11070212186550657
0.2599999999999326	1.2462318262772312	0.11836887456746015
0.2699999999999315	1.270750615226052	0.126287239730397
0.2799999999999304	1.2768756587852905	0.13448350567900763
0.2899999999999293	1.2685861260563862	0.14301543305913159
0.2999999999999282	1.2495488984755703	0.15194495936428687
0.3099999999999271	1.221330637407833	0.16131638164185627
0.319999999999926	1.1847335275665718	0.17114712309181784
0.3299999999999249	1.1415283675813952	0.18143395807474502
0.3399999999999238	1.0947306106663055	0.192164662694043
0.3499999999999227	1.0473374158232953	0.20332089491419608
0.3599999999999216	1.0006041309707978	0.21486739356507387
0.3699999999999205	0.9532818596359631	0.22673514970390835
0.3799999999999194	0.9020508206837298	0.2388113153412084
0.3899999999999183	0.8420297058481456	0.250943289965176
0.3999999999999172	0.7657279851290317	0.26294839434365413
0.4099999999999161	0.6596624089596034	0.27460389210368247
0.419999999999915	0.5029244074259853	0.2855998492274947
0.4299999999999139	0.2843884632971842	0.2955203045985136
0.4399999999999128	0.042795582983784906	0.30405443720009223
0.4499999999999117	-0.14879010693212139	0.3113693008738454
0.4599999999999106	-0.26243818606765684	0.3180482010267285
0.4699999999999095	-0.3204952763728838	0.3246509136613623
0.4799999999999084	-0.352544353237308	0.3314930109830236
0.4899999999999073	-0.37779988686427424	0.33867524595858056
0.4999999999999062	-0.40524210832320207	0.34617304886959444
0.5099999999999052	-0.435937037067811	0.3539237034179715
0.5199999999999041	-0.4657016412165561	0.3619011881051575
0.529999999999903	-0.4892910552371629	0.37015376029516067
0.5399999999999019	-0.5041327036577833	0.3787869661630849
0.5499999999999008	-0.5110385665236747	0.3879161403505054
0.5599999999998997	-0.512715765378313	0.39762592563299637
0.5699999999998986	-0.5120526896665182	0.4079497805811632
0.5799999999998975	-0.5110324172697779	0.41886037865692877
0.5899999999998964	-0.5098577096225818	0.430258227568766
0.5999999999998953	-0.5056755273840978	0.4419520181166813
0.6099999999998942	-0.4905957229374542	0.4536305234607021
0.6199999999998931	-0.4492530432481294	0.4648252374094978
0.629999999999892	-0.36363662468444263	0.47488572881081886
0.6399999999998909	-0.24703696139272988	0.48318623748743533
0.6499999999998898	-0.15859141072395136	0.48974119401474925
0.6599999999998887	-0.12701579954461695	0.495272398197272
0.6699999999998876	-0.13479398232328094	0.5004801237301889
0.6799999999998865	-0.16238860555728774	0.5057124059124565
0.6899999999998854	-0.200457201610555	0.5110693386347638
0.6999999999998843	-0.24505720199773706	0.5165507544846178
0.7099999999998832	-0.29373286755280015	0.5221509611498396
0.7199999999998821	-0.34399451773787837	0.5278974424226548
0.729999999999881	-0.3920830219418391	0.5338476293861982
0.7399999999998799	-0.43273080176481343	0.5400735949615225
0.7499999999998788	-0.4616673757950613	0.5466485837605135
0.7599999999998777	-0.4778200617589981	0.5536334216706511
0.7699999999998766	-0.48232555131214766	0.5610690094812999
0.7799999999998755	-0.4762651119631717	0.5689786170222668
0.7899999999998744	-0.4591989402531533	0.5773734441337107
0.7999999999998733	-0.4287028860113948	0.586251128122154
0.8099999999998722	-0.3815376459462667	0.5955803038846836
0.819999999999871	-0.31775343706543524	0.6052665371730659
0.82999999999987	-0.24606377466312288	0.6151075672529405
0.8399999999998689	-0.18285180178239316	0.6247874783927919
0.8499999999998678	-0.14246326457438063	0.6339851115125587
0.8599999999998666	-0.13006048330054829	0.6425456731660318
0.8699999999998655	-0.14300873615864299	0.6505076951503974
0.8799999999998644	-0.17515751731441803	0.6579581598863824
0.8899999999998633	-0.21904305542677321	0.664907193720272
0.8999999999998622	-0.26694176265272945	0.6712516769179321
0.9099999999998611	-0.3124848407416274	0.6767763724791098
0.91999999999986	-0.3516547692619074	0.6812132379348577
0.9299999999998589	-0.38207435695653713	0.6844411803063637
0.9399999999998578	-0.4033363697266107	0.6866892577741818
0.9499999999998567	-0.41732662510061475	0.6884396250318044
0.9599999999998556	-0.42478865803582544	0.6901292389283274
0.9699999999998545	-0.42075701636787544	0.6919580010341418
0.9799999999998534	-0.3928788590317274	0.6938316904741003
0.9899999999998523	-0.33156930057055184	0.6954055443061694
0.9999999999998512	-0.252915800381041	0.69638223322603
1.0099999999998501	-0.18611292772692814	0.696939017728531
1.019999999999849	-0.13488220211116586	0.6976410386430626
1.029999999999848	-0.086227206008937	0.6990307737613719
1.0399999999998468	-0.0324059978042682	0.7014592013875537
1.0499999999998457	0.024917869361319712	0.7050955244970679
1.0599999999998446	0.07960622732987618	0.7099665853553571
1.0699999999998435	0.12670852514436018	0.7160054227861452
1.0799999999998424	0.16491060381496922	0.7231018441036234
1.0899999999998413	0.19573779210760672	0.731134729553575
1.0999999999998402	0.22204748282165568	0.7399763144162496
1.1099999999998391	0.24718412968783374	0.7494735609025021
1.119999999999838	0.2746897707442355	0.759417824924257
1.129999999999837	0.30746745520239727	0.7695247256933848
1.1399999999998358	0.3452483603904184	0.7794685962967072
1.1499999999998347	0.3826652332054229	0.7890062000099938
1.1599999999998336	0.4128073027649472	0.7981136542280701
1.1699999999998325	0.4333204657110445	0.80698232445982
1.1799999999998314	0.44711258123907555	0.8158756366525108
1.1899999999998303	0.4585231205113454	0.8249860553474305
1.1999999999998292	0.4709815940950125	0.8343557808260763
1.209999999999828	0.48678330881588044	0.8438608273242262
1.219999999999827	0.5057680160210272	0.8532786755124347
1.229999999999826	0.5228397973311847	0.8624571075457022
1.2399999999998248	0.528690285400915	0.8714697656454808
1.2499999999998237	0.5109862356744858	0.8805750529446111
1.2599999999998226	0.45279619292844425	0.8900725238775439
1.2699999999998215	0.34339986044503557	0.9002425391567399
1.2799999999998204	0.20728758224184068	0.911281269347338
1.2899999999998193	0.08957955158455745	0.9231363372846272
1.2999999999998182	0.0016144248399633054	0.935491812101316
1.309999999999817	-0.0712582157393681	0.9479397514961713
1.319999999999816	-0.13957700774832837	0.9600824100691224
1.3299999999998149	-0.2040836816376794	0.9715990353766284
1.3399999999998138	-0.2607657611240614	0.9823778721304951
1.3499999999998127	-0.3049464520447942	0.9925939905522995
1.3599999999998116	-0.3332424814373675	1.002602212418765
1.3699999999998105	-0.3445454858883919	1.0127530634536055
1.3799999999998094	-0.33964765773235606	1.0232857562035207
1.3899999999998083	-0.3199920014309533	1.034312280730716
1.3999999999998072	-0.2874476430603906	1.0458433895933796
1.409999999999806	-0.2456609149674945	1.0578227132733802
1.419999999999805	-0.20049759391555977	1.0701626240202773
1.4299999999998039	-0.1577468193659223	1.08278754524361
1.4399999999998028	-0.12066799318922888	1.0956766598089884
1.4499999999998017	-0.0895403206415581	1.1088800565914152
1.4599999999998006	-0.06239570165202613	1.1224925764074691
1.4699999999997995	-0.03613393511726686	1.1366074735497564
1.4799999999997984	-0.00776344193780539	1.1512817334914833
1.4899999999997973	0.024469793202468833	1.166523466369957
1.4999999999997962	0.06033927472565934	1.1822940310458463
