# t	u	ec	e	T
0.005	-2.4190708827617016	0.9974001520256186	-1.421670730736083	0.9974001520256186
0.009999999999999995	-2.41089198914878	0.9892212478141134	-1.4216707413346665	0.9892212478141134
0.014999999999999965	-2.3959068491808297	0.974236088403227	-1.4216707607776027	0.974236088403227
0.019999999999999934	-2.373779243493768	0.9521084492598244	-1.421670794233944	0.9521084492598244
0.024999999999999904	-2.3441443824092705	0.9224735660788385	-1.4216708163304321	0.9224735660788385
0.029999999999999874	-2.3067029835402835	0.8850321603280139	-1.4216708232122697	0.8850321603280139
0.034999999999999976	-2.2614294576092595	0.8397586364491952	-1.4216708211600644	0.8397586364491952
0.04000000000000012	-2.208929339250882	0.7872585408127977	-1.4216707984380843	0.7872585408127977
0.04500000000000026	-2.1508450356841053	0.7291743091281265	-1.4216707265559791	0.7291743091281265
0.050000000000000405	-2.090162197415599	0.6684915747303758	-1.4216706226852227	0.6684915747303758
0.05500000000000055	-2.031150365446222	0.6094798753037084	-1.4216704901425135	0.6094798753037084
0.06000000000000069	-1.9787993035950675	0.5571289200937322	-1.4216703835013351	0.5571289200937322
0.06500000000000083	-1.9377824804074182	0.5161121899943992	-1.421670290413019	0.5161121899943992
0.07000000000000098	-1.9113543012217864	0.48968404378194214	-1.4216702574398443	0.48968404378194214
0.07500000000000112	-1.9006546071398143	0.4789843248604776	-1.4216702822793366	0.4789843248604776
0.08000000000000126	-1.9046875401622136	0.4830171928352122	-1.4216703473270014	0.4830171928352122
0.08500000000000141	-1.9208439169362774	0.499173477740976	-1.4216704391953012	0.499173477740976
0.09000000000000155	-1.9456442664053832	0.523973746943979	-1.421670519461404	0.523973746943979
0.0950000000000017	-1.9754136789476646	0.5537430838814269	-1.4216705950662378	0.5537430838814269
0.10000000000000184	-2.0067872569016925	0.5851166014562971	-1.4216706554453953	0.5851166014562971
0.10500000000000198	-2.037035828637851	0.6153651220796991	-1.4216707065581522	0.6153651220796991
0.11000000000000212	-2.0642646762798034	0.6425939509418861	-1.4216707253379173	0.6425939509418861
0.11500000000000227	-2.0874910995053075	0.6658203760463715	-1.4216707234589359	0.6658203760463715
0.12000000000000241	-2.1065887063659092	0.6849180141973323	-1.4216706921685767	0.6849180141973323
0.12500000000000255	-2.1220764153972382	0.7004057351067753	-1.4216706802904628	0.7004057351067753
0.130000000000002	-2.1347803258481903	0.7131096699608684	-1.4216706558873218	0.7131096699608684
0.13500000000000145	-2.1454778782281743	0.723807231800857	-1.4216706464273172	0.723807231800857
0.1400000000000009	-2.1546545527836907	0.7329839107402037	-1.4216706420434868	0.7329839107402037
0.14500000000000035	-2.162457193124695	0.7407865347255012	-1.4216706583991938	0.7407865347255012
0.1499999999999998	-2.1688152129756513	0.7471445522147191	-1.421670660760932	0.7471445522147191
0.15499999999999925	-2.1736154606417366	0.7519448087952568	-1.42167065184648	0.7519448087952568
0.1599999999999987	-2.176828062671143	0.7551574108446113	-1.4216706518265314	0.7551574108446113
0.16499999999999815	-2.178527413724279	0.7568567719604274	-1.4216706417638516	0.7568567719604274
0.1699999999999976	-2.178845779034983	0.7571751519054838	-1.4216706271294992	0.7571751519054838
0.17499999999999705	-2.177931210375516	0.7562605809106421	-1.421670629464874	0.7562605809106421
0.1799999999999965	-2.1759837223143235	0.7543130925237296	-1.421670629790594	0.7543130925237296
0.18499999999999595	-2.1733469602277316	0.7516763365923961	-1.4216706236353354	0.7516763365923961
0.1899999999999954	-2.170595980687023	0.7489253818644308	-1.4216705988225926	0.7489253818644308
0.19499999999999484	-2.168540550817739	0.7468699799242918	-1.4216705708934472	0.7468699799242918
0.1999999999999943	-2.168115595094157	0.7464450476503525	-1.4216705474438043	0.7464450476503525
0.20499999999999374	-2.1701549926033277	0.7484844722544328	-1.4216705203488949	0.7484844722544328
0.2099999999999932	-2.1751439425253234	0.7534734238638114	-1.4216705186615117	0.7534734238638114
0.21499999999999264	-2.1830382812486304	0.761367742386921	-1.4216705388617095	0.761367742386921
0.2199999999999921	-2.193275845325017	0.7716052819672473	-1.4216705633577695	0.7716052819672473
0.22499999999999154	-2.204948346893528	0.7832777636482176	-1.42167058324531	0.7832777636482176
0.229999999999991	-2.2170574858746663	0.7953868703554212	-1.4216706155192451	0.7953868703554212
0.23499999999999044	-2.228728233396746	0.8070576018457141	-1.4216706315510321	0.8070576018457141
0.2399999999999899	-2.2392854492455085	0.817614821779721	-1.4216706274657873	0.817614821779721
0.24499999999998934	-2.2481996416441334	0.8265290169484796	-1.4216706246956539	0.8265290169484796
0.2499999999999888	-2.2549906103186217	0.8333199740784746	-1.421670636240147	0.8333199740784746
0.25499999999998824	-2.2591960232824464	0.8375253765808854	-1.421670646701561	0.8375253765808854
0.2599999999999877	-2.260458189360145	0.8387875570258884	-1.4216706323342572	0.8387875570258884
0.26499999999998713	-2.2586942062190207	0.8370235873397958	-1.421670618879225	0.8370235873397958
0.2699999999999866	-2.2542859496654977	0.8326153541574235	-1.4216705955080742	0.8326153541574235
0.27499999999998603	-2.2481620628499157	0.8264915192110033	-1.4216705436389125	0.8264915192110033
0.2799999999999855	-2.2416927968013964	0.8200222922995206	-1.4216705045018756	0.8200222922995206
0.28499999999998493	-2.2363687345781056	0.8146982590523771	-1.4216704755257286	0.8146982590523771
0.2899999999999844	-2.233388782178851	0.8117183169353859	-1.4216704652434655	0.8117183169353859
0.29499999999998383	-2.233360597310068	0.811690145496754	-1.4216704518133139	0.811690145496754
0.2999999999999833	-2.2362634868986087	0.8145930296369828	-1.4216704572616259	0.8145930296369828
0.30499999999998273	-2.2416193995876457	0.8199488950182307	-1.4216705045694147	0.8199488950182307
0.3099999999999822	-2.248708772512946	0.8270382508050416	-1.4216705217079044	0.8270382508050416
0.31499999999998163	-2.2567047507652145	0.8350342159334937	-1.4216705348317205	0.8350342159334937
0.3199999999999811	-2.264745872525314	0.8430753050470418	-1.4216705674782721	0.8430753050470418
0.3249999999999805	-2.271995544725143	0.8503249638716615	-1.4216705808534817	0.8503249638716615
0.32999999999998	-2.2777282636386227	0.8560576549781089	-1.4216706086605138	0.8560576549781089
0.3349999999999794	-2.281402708084837	0.8597320734129322	-1.4216706346719048	0.8597320734129322
0.3399999999999789	-2.2827027823830632	0.8610321360577144	-1.4216706463253486	0.8610321360577144
0.3449999999999783	-2.2815551852890046	0.8598845484849498	-1.4216706368040548	0.8598845484849498
0.3499999999999778	-2.2781192417042906	0.8564486059317737	-1.4216706357725173	0.8564486059317737
0.3549999999999772	-2.2727663963152107	0.8510957707864244	-1.421670625528786	0.8510957707864244
0.35999999999997667	-2.2660853924411373	0.8444147876411029	-1.4216706048000345	0.8444147876411029
0.3649999999999761	-2.258914450471801	0.8372438739277328	-1.4216705765440683	0.8372438739277328
0.36999999999997557	-2.252382897819	0.8307123521953114	-1.4216705456236887	0.8307123521953114
0.374999999999975	-2.247896436407747	0.8262259275298345	-1.4216705088779127	0.8262259275298345
0.37999999999997447	-2.2469051795041906	0.8252347021168202	-1.4216704773873703	0.8252347021168202
0.3849999999999739	-2.2504794800988384	0.8288090069498746	-1.4216704731489636	0.8288090069498746
0.38999999999997337	-2.258834934827932	0.837164468034715	-1.421670466793217	0.837164468034715
0.3949999999999728	-2.27108321602715	0.849412703030041	-1.421670512997109	0.849412703030041
0.39999999999997227	-2.2854066657303638	0.8637360869942711	-1.4216705787360926	0.8637360869942711
0.4049999999999717	-2.2995532943351473	0.8778826655008969	-1.4216706288342504	0.8778826655008969
0.40999999999997117	-2.3113766074413906	0.8897059524810939	-1.4216706549602969	0.8897059524810939
0.4149999999999706	-2.319229696946616	0.8975590019154508	-1.4216706950311653	0.8975590019154508
0.41999999999997006	-2.3221401825683565	0.9004694973534177	-1.4216706852149388	0.9004694973534177
0.4249999999999695	-2.319826403849	0.8981557560464892	-1.4216706478025105	0.8981557560464892
0.42999999999996896	-2.3126458505515606	0.8909752132950333	-1.4216706372565273	0.8909752132950333
0.4349999999999684	-2.3015022855093585	0.879831657765388	-1.4216706277439703	0.879831657765388
0.43999999999996786	-2.287756031586733	0.866085428679786	-1.4216706029069472	0.866085428679786
0.4449999999999673	-2.2730814068497254	0.8514108335922097	-1.4216705732575157	0.8514108335922097
0.44999999999996676	-2.2592573234566053	0.8375868086498796	-1.421670514806726	0.8375868086498796
0.4549999999999662	-2.2478356459371316	0.8261651557831192	-1.4216704901540123	0.8261651557831192
0.45999999999996566	-2.2397728932029484	0.8181024103236322	-1.4216704828793163	0.8181024103236322
0.4649999999999651	-2.235086384642945	0.8134158830713644	-1.4216705015715803	0.8134158830713644
0.46999999999996456	-2.232690992048684	0.8110204155804277	-1.4216705764682565	0.8110204155804277
0.474999999999964	-2.230589202853963	0.8089185622836891	-1.421670640570274	0.8089185622836891
0.47999999999996346	-2.2264488561088105	0.8047781449711549	-1.4216707111376559	0.8047781449711549
0.4849999999999629	-2.2183678236042366	0.7966970658030853	-1.4216707578011512	0.7966970658030853
0.48999999999996235	-2.205474961961519	0.7838042347069932	-1.421670727254526	0.7838042347069932
0.4949999999999618	-2.1882088028851463	0.766538104438218	-1.4216706984469283	0.766538104438218
0.49999999999996125	-2.168247243870003	0.7465766028300489	-1.4216706410399542	0.7465766028300489
0.5049999999999607	-2.148220638471405	0.7265500727526627	-1.4216705657187418	0.7265500727526627
0.5099999999999602	-2.131218248438022	0.7095477437096025	-1.4216705047284197	0.7095477437096025
0.5149999999999596	-2.120135429265821	0.6984649674101548	-1.4216704618556661	0.6984649674101548
0.519999999999959	-2.1169512786524276	0.6952808257414905	-1.421670452910937	0.6952808257414905
0.5249999999999585	-2.122209140721389	0.7005386530076536	-1.4216704877137352	0.7005386530076536
0.529999999999958	-2.134984272932501	0.7133137325041403	-1.4216705404283607	0.7133137325041403
0.5349999999999574	-2.153379588205584	0.7317089786437597	-1.4216706095618243	0.7317089786437597
0.5399999999999568	-2.1751406082038733	0.7534699350848976	-1.4216706731189757	0.7534699350848976
0.5449999999999563	-2.197963882076712	0.7762931531464586	-1.421670728930253	0.7762931531464586
0.5499999999999557	-2.219528527307861	0.7978577385249359	-1.421670788782925	0.7978577385249359
0.5549999999999552	-2.237606348818889	0.8159355311647412	-1.4216708176541477	0.8159355311647412
0.5599999999999546	-2.250434328623005	0.8287634789412728	-1.4216708496817325	0.8287634789412728
0.5649999999999541	-2.257074810801667	0.8354039599283266	-1.4216708508733404	0.8354039599283266
0.5699999999999535	-2.257469062315096	0.835798227975756	-1.42167083433934	0.835798227975756
0.574999999999953	-2.252282964034591	0.8306121600990618	-1.421670803935529	0.8306121600990618
0.5799999999999524	-2.2427645294823386	0.8210937646673766	-1.4216707648149622	0.8210937646673766
0.5849999999999519	-2.2306642710241786	0.8089935688445306	-1.421670702179648	0.8089935688445306
0.5899999999999513	-2.218098438506903	0.7964277989945454	-1.4216706395123577	0.7964277989945454
0.5949999999999508	-2.207253481160073	0.7855828808928463	-1.4216706002672266	0.7855828808928463
0.5999999999999502	-2.1999798004222924	0.7783092159148959	-1.4216705845073963	0.7783092159148959
0.6049999999999497	-2.197434392294763	0.7757637799103163	-1.4216706123844467	0.7757637799103163
0.6099999999999491	-2.1997676937447377	0.7780970673341634	-1.421670626410574	0.7780970673341634
0.6149999999999486	-2.2061053923908225	0.7844347336888643	-1.421670658701958	0.7844347336888643
0.619999999999948	-2.214863150732781	0.7931924397912955	-1.421670710941486	0.7931924397912955
0.6249999999999475	-2.2243285598197904	0.8026578243822183	-1.421670735437572	0.8026578243822183
0.6299999999999469	-2.233202880119731	0.8115321059261005	-1.42167077419363	0.8115321059261005
0.6349999999999464	-2.240834522417486	0.8191637592670944	-1.4216707631503918	0.8191637592670944
0.6399999999999458	-2.2470610222157097	0.8253902659627785	-1.4216707562529314	0.8253902659627785
0.6449999999999453	-2.251855020030898	0.830184248838338	-1.4216707711925602	0.830184248838338
0.6499999999999447	-2.2549990293402598	0.8333282370488975	-1.4216707922913623	0.8333282370488975
0.6549999999999442	-2.255979390832832	0.8343085742643298	-1.421670816568502	0.8343085742643298
0.6599999999999436	-2.2540690674793264	0.8323982287532213	-1.4216708387261048	0.8323982287532213
0.6649999999999431	-2.248560853498802	0.8268899956847753	-1.4216708578140271	0.8268899956847753
0.6699999999999425	-2.239084351369473	0.8174135128204375	-1.4216708385490358	0.8174135128204375
0.674999999999942	-2.2260609031504783	0.8043900871569631	-1.421670815993515	0.8043900871569631
0.6799999999999414	-2.211243714394672	0.7895729651557565	-1.4216707492389153	0.7895729651557565
0.6849999999999409	-2.1979328092224657	0.7762621615879876	-1.421670647634478	0.7762621615879876
0.6899999999999403	-2.190181806491042	0.7685112203190756	-1.4216705861719663	0.7685112203190756
0.6949999999999398	-2.19080544318517	0.7691348348676246	-1.4216706083175452	0.7691348348676246
0.6999999999999392	-2.1994343008368777	0.7777636041404751	-1.4216706966964028	0.7777636041404751
0.7049999999999387	-2.2126789558252336	0.7910081628064521	-1.421670793018781	0.7910081628064521
0.7099999999999381	-2.2263655661323556	0.8046946929187717	-1.4216708732135839	0.8046946929187717
0.7149999999999376	-2.237606506039888	0.8159356139014663	-1.4216708921384218	0.8159356139014663
0.719999999999937	-2.2452456136230303	0.8235747371309603	-1.4216708764920702	0.8235747371309603
0.7249999999999365	-2.2492256672887696	0.8275547966570967	-1.421670870631673	0.8275547966570967
0.7299999999999359	-2.249977965605898	0.8283071215236784	-1.421670844082219	0.8283071215236784
0.7349999999999354	-2.248263124323333	0.826592309276237	-1.4216708150470962	0.826592309276237
0.7399999999999348	-2.2453224396446823	0.8236516838440948	-1.4216707558005874	0.8236516838440948
0.7449999999999343	-2.2429263369408385	0.8212556430269544	-1.421670693913884	0.8212556430269544
0.7499999999999337	-2.2430858306457067	0.82141517160115	-1.421670659044557	0.82141517160115
0.7549999999999332	-2.247457426905039	0.825786789695904	-1.4216706372091352	0.825786789695904
0.7599999999999326	-2.2567428513401837	0.8350722098787042	-1.4216706414614793	0.8350722098787042
0.7649999999999321	-2.270405691687117	0.8487350157352473	-1.42167067595187	0.8487350157352473
0.7699999999999315	-2.286849460440317	0.8651787220087285	-1.4216707384315885	0.8651787220087285
0.774999999999931	-2.303908263237868	0.8822374708330973	-1.4216707924047705	0.8822374708330973
0.7799999999999304	-2.319398005395323	0.8977271762356347	-1.4216708291596885	0.8977271762356347
0.7849999999999299	-2.3315204772693434	0.9098496262259297	-1.4216708510434137	0.9098496262259297
0.7899999999999293	-2.3390741398815402	0.9174032924922438	-1.4216708473892965	0.9174032924922438
0.7949999999999288	-2.3415113254963673	0.9198404691101816	-1.4216708563861857	0.9198404691101816
0.7999999999999282	-2.3388990491173094	0.9172282158822463	-1.4216708332350632	0.9172282158822463
0.8049999999999277	-2.3318100734568836	0.9101392680017933	-1.4216708054550902	0.9101392680017933
0.8099999999999271	-2.321162406385601	0.8994916342046803	-1.4216707721809205	0.8994916342046803
0.8149999999999266	-2.308010956390319	0.8863402156729495	-1.4216707407173694	0.8863402156729495
0.819999999999926	-2.2933703298431336	0.8716995939073762	-1.421670735935757	0.8716995939073762
0.8249999999999255	-2.278132099888968	0.8564613621716726	-1.4216707377172955	0.8564613621716726
0.8299999999999249	-2.263138598537664	0.8414678676833067	-1.4216707308543572	0.8414678676833067
0.8349999999999244	-2.249527245880595	0.8278565310482012	-1.421670714832394	0.8278565310482012
0.8399999999999238	-2.239207146677703	0.8175365043661388	-1.4216706423115641	0.8175365043661388
0.8449999999999233	-2.234988429060816	0.8133178722797827	-1.4216705567810335	0.8133178722797827
0.8499999999999227	-2.2396702288198456	0.8179997016376623	-1.4216705271821832	0.8179997016376623
0.8549999999999222	-2.2541220945772475	0.8324515065487664	-1.4216705880284808	0.8324515065487664
0.8599999999999216	-2.276027278966906	0.8543565840746479	-1.4216706948922582	0.8543565840746479
0.864999999999921	-2.3008315905668852	0.8791608017992616	-1.4216707887676236	0.8791608017992616
0.8699999999999205	-2.324069912347454	0.9023990683858584	-1.4216708439615957	0.9023990683858584
0.87499999999992	-2.3429776495261176	0.9213067994621567	-1.4216708500639605	0.9213067994621567
0.8799999999999194	-2.3566519805080928	0.9349811618520747	-1.4216708186560183	0.9349811618520747
0.8849999999999189	-2.3653510005658336	0.9436801759001499	-1.421670824665684	0.9436801759001499
0.8899999999999183	-2.3697276794513003	0.9480568785439212	-1.4216708009073793	0.9480568785439212
0.8949999999999178	-2.3703563258889826	0.9486855645162136	-1.4216707613727686	0.9486855645162136
0.8999999999999172	-2.367583545633412	0.945912769059521	-1.4216707765738912	0.945912769059521
0.9049999999999166	-2.36165069734404	0.9399799211067438	-1.421670776237296	0.9399799211067438
0.9099999999999161	-2.352904043739706	0.9312332830929562	-1.4216707606467498	0.9312332830929562
0.9149999999999155	-2.3418805639899416	0.9202098567185171	-1.4216707072714245	0.9202098567185171
0.919999999999915	-2.329224780341035	0.9075540716712865	-1.4216707086697484	0.9075540716712865
0.9249999999999144	-2.3155338052844296	0.8938631048174942	-1.4216707004669353	0.8938631048174942
0.9299999999999139	-2.3013859599019244	0.8797152573769109	-1.4216707025250133	0.8797152573769109
0.9349999999999133	-2.2874876083375413	0.8658169335995685	-1.4216706747379726	0.8658169335995685
0.9399999999999128	-2.274741268557348	0.853070615286442	-1.4216706532709062	0.853070615286442
0.9449999999999122	-2.2640556137528067	0.8423849775323796	-1.421670636220427	0.8423849775323796
0.9499999999999117	-2.2559284370215575	0.8342577827387374	-1.42167065428282	0.8342577827387374
0.9549999999999111	-2.249983864458683	0.8283131716304265	-1.4216706928282568	0.8283131716304265
0.9599999999999106	-2.2448561437842898	0.8231853960447078	-1.421670747739582	0.8231853960447078
0.96499999999991	-2.238638347401007	0.8169675528702238	-1.4216707945307832	0.8169675528702238
0.9699999999999095	-2.2297662746061597	0.8080954688099924	-1.4216708057961676	0.8080954688099924
0.9749999999999089	-2.2178883619590923	0.7962175896150943	-1.421670772343998	0.7962175896150943
0.9799999999999084	-2.204266561266374	0.7825958634613073	-1.4216706978050664	0.7825958634613073
0.9849999999999078	-2.1914828722197033	0.7698122523241802	-1.4216706198955233	0.7698122523241802
0.9899999999999073	-2.1824973742385496	0.7608268099056352	-1.4216705643329146	0.7608268099056352
0.9949999999999067	-2.179367994046673	0.7576974395960037	-1.4216705544506691	0.7576974395960037
0.9999999999999062	-2.182310813064885	0.7606402294129765	-1.4216705836519086	0.7606402294129765
1.0049999999999057	-2.189692317458218	0.7680216639821781	-1.4216706534760397	0.7680216639821781
1.0099999999999052	-2.1989459737968295	0.7772752753823506	-1.4216706984144787	0.7772752753823506
1.0149999999999046	-2.2076672199891196	0.7859964975821021	-1.4216707224070175	0.7859964975821021
1.019999999999904	-2.214244597504771	0.7925738528498089	-1.4216707446549623	0.7925738528498089
1.0249999999999035	-2.217898756592474	0.7962280162698903	-1.4216707403225834	0.7962280162698903
1.029999999999903	-2.218438762957577	0.7967680378978996	-1.4216707250596772	0.7967680378978996
1.0349999999999024	-2.2160592229963783	0.7943885198997985	-1.4216707030965796	0.7943885198997985
1.039999999999902	-2.2112944289419927	0.789623748456212	-1.4216706804857808	0.789623748456212
1.0449999999999013	-2.205050174665232	0.7833795285877927	-1.4216706460774395	0.7833795285877927
1.0499999999999008	-2.1985010222035286	0.7768304084460315	-1.421670613757497	0.7768304084460315
1.0549999999999002	-2.192748324670932	0.7710777240161409	-1.4216706006547912	0.7710777240161409
1.0599999999998997	-2.188375039511563	0.7667044365842465	-1.4216706029273167	0.7667044365842465
1.0649999999998991	-2.185244170520333	0.7635735576509294	-1.4216706128694034	0.7635735576509294
1.0699999999998986	-2.1827735061334987	0.7611028655926471	-1.421670640540852	0.7611028655926471
1.074999999999898	-2.1805068148800975	0.7588361727782937	-1.421670642101804	0.7588361727782937
1.0799999999998975	-2.178604163229091	0.756933554018923	-1.421670609210168	0.756933554018923
1.084999999999897	-2.177863630611058	0.7561930438503198	-1.421670586760738	0.7561930438503198
1.0899999999998964	-2.1792391899838104	0.757568614095822	-1.4216705758879886	0.757568614095822
1.0949999999998958	-2.1831165893778435	0.7614459983679565	-1.421670591009887	0.7614459983679565
1.0999999999998953	-2.1888295805476825	0.767158948200899	-1.4216706323467831	0.767158948200899
1.1049999999998947	-2.1948160991604304	0.7731454116155903	-1.4216706875448402	0.7731454116155903
1.1099999999998942	-2.1993437201077537	0.7776730201561238	-1.42167069995163	0.7776730201561238
1.1149999999998936	-2.2013417904150514	0.7796710844499373	-1.421670705965114	0.7796710844499373
1.119999999999893	-2.2008906459863327	0.7792199713125051	-1.4216706746738277	0.7792199713125051
1.1249999999998925	-2.1992075944600042	0.7775369786790236	-1.4216706157809804	0.7775369786790236
1.129999999999892	-2.1982014863966572	0.7765309223829445	-1.421670564013713	0.7765309223829445
1.1349999999998914	-2.199816818481782	0.7781462851898401	-1.4216705332919417	0.7781462851898401
1.1399999999998909	-2.2054050279223976	0.78373450573487	-1.4216705221875277	0.78373450573487
1.1449999999998903	-2.215336308300814	0.7936657729150294	-1.4216705353857844	0.7936657729150294
1.1499999999998898	-2.228979599646297	0.807309034069944	-1.421670565576353	0.807309034069944
1.1549999999998892	-2.2449635894715754	0.8232929827814232	-1.421670606690152	0.8232929827814232
1.1599999999998887	-2.2615210014980662	0.8398503546700634	-1.421670646828003	0.8398503546700634
1.1649999999998881	-2.276835584167375	0.8551648864900996	-1.4216706976772753	0.8551648864900996
1.1699999999998876	-2.289304129743303	0.867633405527863	-1.4216707242154403	0.867633405527863
1.174999999999887	-2.297801370746141	0.8761306415203058	-1.4216707292258355	0.8761306415203058
1.1799999999998865	-2.301974220289513	0.8803035205828845	-1.4216706997066282	0.8803035205828845
1.184999999999886	-2.3025301164059733	0.8808594628479841	-1.421670653557989	0.8808594628479841
1.1899999999998854	-2.301292480688266	0.8796218898377497	-1.4216705908505167	0.8796218898377497
1.1949999999998848	-2.3007411581266406	0.8790706272834505	-1.4216705308431903	0.8790706272834505
1.1999999999998843	-2.302987168297857	0.8813166575093434	-1.4216705107885133	0.8813166575093434
1.2049999999998837	-2.308677770004263	0.8870072253659859	-1.421670544638277	0.8870072253659859
1.2099999999998832	-2.3166653619088553	0.8949947699568456	-1.4216705919520098	0.8949947699568456
1.2149999999998826	-2.324690813606976	0.9030201584850959	-1.42167065512188	0.9030201584850959
1.219999999999882	-2.3305660167108972	0.9088953204466784	-1.421670696264219	0.9088953204466784
1.2249999999998815	-2.333011608065096	0.9113409120219196	-1.4216706960431764	0.9113409120219196
1.229999999999881	-2.331824195856607	0.9101535112390582	-1.4216706846175489	0.9101535112390582
1.2349999999998804	-2.327531665486265	0.905861028095721	-1.4216706373905441	0.905861028095721
1.2399999999998799	-2.320903348449032	0.8992326819110683	-1.4216706665379633	0.8992326819110683
1.2449999999998793	-2.3125791001125178	0.8909084368055205	-1.4216706633069973	0.8909084368055205
1.2499999999998788	-2.302962806536525	0.8812921572784443	-1.4216706492580806	0.8812921572784443
1.2549999999998782	-2.292308492361504	0.8706378545387323	-1.4216706378227713	0.8706378545387323
1.2599999999998777	-2.2808950594598234	0.8592244342160766	-1.4216706252437468	0.8592244342160766
1.2649999999998771	-2.2691481603275734	0.8474775426309481	-1.4216706176966252	0.8474775426309481
1.2699999999998766	-2.257643733425116	0.8359731559469279	-1.421670577478188	0.8359731559469279
1.274999999999876	-2.246952400896955	0.825281834850001	-1.421670566046954	0.825281834850001
1.2799999999998755	-2.2373707679084593	0.8157001886766753	-1.421670579231784	0.8157001886766753
1.284999999999875	-2.228709674627844	0.8070390845320525	-1.4216705900957916	0.8070390845320525
1.2899999999998744	-2.220334758986527	0.7986641508237233	-1.421670608162804	0.7986641508237233
1.2949999999998738	-2.2115020813216115	0.7898314559479074	-1.421670625373704	0.7898314559479074
1.2999999999998733	-2.2018781179820457	0.7802075173796346	-1.4216706006024111	0.7802075173796346
1.3049999999998727	-2.1919897421605032	0.7703191788785788	-1.4216705632819246	0.7703191788785788
1.3099999999998722	-2.1833943295119416	0.7617238309882741	-1.4216704985236674	0.7617238309882741
1.3149999999998716	-2.178366463882245	0.7566960343973831	-1.4216704294848619	0.7566960343973831
1.319999999999871	-2.1789849126138097	0.7573144943109286	-1.421670418302881	0.7573144943109286
1.3249999999998705	-2.185969756384621	0.7642993025471622	-1.4216704538374592	0.7642993025471622
1.32999999999987	-2.1979991146239333	0.7763285822098625	-1.4216705324140708	0.7763285822098625
1.3349999999998694	-2.2120717392132203	0.7904011205244191	-1.421670618688801	0.7904011205244191
1.3399999999998689	-2.224701811934527	0.8030311344956468	-1.4216706774388803	0.8030311344956468
1.3449999999998683	-2.233171807791348	0.8115011099342243	-1.4216706978571236	0.8115011099342243
1.3499999999998678	-2.236251958958464	0.8145812807949033	-1.4216706781635606	0.8145812807949033
1.3549999999998672	-2.234224321888669	0.8125537049238553	-1.4216706169648137	0.8125537049238553
1.3599999999998666	-2.2283558525351514	0.8066852905630261	-1.4216705619721255	0.8066852905630261
1.364999999999866	-2.2201359697326866	0.7984654307095447	-1.4216705390231419	0.7984654307095447
1.3699999999998655	-2.210728439334247	0.789057921991458	-1.4216705173427888	0.789057921991458
1.374999999999865	-2.200877370929484	0.7792068729945327	-1.4216704979349515	0.7792068729945327
1.3799999999998644	-2.1912769069485054	0.7696064395761556	-1.42167046737235	0.7696064395761556
1.384999999999864	-2.1830341312938213	0.7613637035412446	-1.4216704277525765	0.7613637035412446
1.3899999999998633	-2.1778508949471282	0.7561805110977814	-1.421670383849347	0.7561805110977814
1.3949999999998628	-2.177632914095005	0.7559625338342328	-1.421670380260772	0.7559625338342328
1.3999999999998622	-2.1835875445666377	0.7619171755996067	-1.4216703689670311	0.7619171755996067
1.4049999999998617	-2.195387785107	0.7737173366418146	-1.4216704484651854	0.7737173366418146
1.4099999999998611	-2.2111549436886917	0.7894844539836448	-1.4216704897050467	0.7894844539836448
1.4149999999998606	-2.2283115402624216	0.8066409817318284	-1.421670558530593	0.8066409817318284
1.41999999999986	-2.244585917681956	0.822915310502234	-1.4216706071797218	0.822915310502234
1.4249999999998595	-2.2584668255303426	0.8367962028910557	-1.4216706226392868	0.8367962028910557
1.429999999999859	-2.2691191294220894	0.8474484848753521	-1.4216706445467373	0.8474484848753521
1.4349999999998584	-2.27612100225181	0.8544503681313134	-1.4216706341204965	0.8544503681313134
1.4399999999998578	-2.27931505057843	0.8576444071900201	-1.4216706433884099	0.8576444071900201
1.4449999999998573	-2.2787820666510807	0.85711143975535	-1.4216706268957306	0.85711143975535
1.4499999999998567	-2.2748664936951415	0.8531958967162753	-1.421670596978866	0.8531958967162753
1.4549999999998562	-2.2681742092963275	0.8465036310154221	-1.4216705782809052	0.8465036310154221
1.4599999999998556	-2.2595006156862194	0.8378300569183876	-1.421670558767832	0.8378300569183876
1.464999999999855	-2.249674580494637	0.8280040409298144	-1.4216705395648226	0.8280040409298144
1.4699999999998545	-2.2393365902864306	0.8176660693957102	-1.4216705208907205	0.8176660693957102
1.474999999999854	-2.2287914047619752	0.8071208851526386	-1.4216705196093364	0.8071208851526386
1.4799999999998534	-2.218010718604076	0.7963402021847901	-1.421670516419286	0.7963402021847901
1.4849999999998529	-2.206799577487914	0.7851290630014028	-1.4216705144865112	0.7851290630014028
1.4899999999998523	-2.1950547240158436	0.7733842027638237	-1.4216705212520202	0.7733842027638237
1.4949999999998518	-2.182947383119204	0.7612768512214494	-1.4216705318977545	0.7612768512214494
1.4999999999998512	-2.170958016337658	0.7492875028655603	-1.4216705134720977	0.7492875028655603
1.5049999999998507	-2.159838504082819	0.7381680267801471	-1.4216704773026723	0.7381680267801471
1.5099999999998501	-2.1505596452245204	0.7288891908842179	-1.4216704543403023	0.7288891908842179
1.5149999999998496	-2.144310677367268	0.7226402709325693	-1.4216704064346988	0.7226402709325693
1.519999999999849	-2.1424918548820586	0.7208214768102701	-1.4216703780717888	0.7208214768102701
1.5249999999998485	-2.146562252569653	0.7248919049730326	-1.4216703475966204	0.7248919049730326
1.529999999999848	-2.157666466229848	0.735996120210674	-1.421670346019174	0.735996120210674
1.5349999999998474	-2.1760755042026916	0.7544051231162192	-1.4216703810864726	0.7544051231162192
1.5399999999998468	-2.200710641837555	0.7790402003388545	-1.4216704414987007	0.7790402003388545
1.5449999999998463	-2.229088237052648	0.8074177165808023	-1.421670520471846	0.8074177165808023
1.5499999999998457	-2.257864433439148	0.836193832183833	-1.4216706012553153	0.836193832183833
1.5549999999998452	-2.283708966226858	0.8620383311665338	-1.421670635060324	0.8620383311665338
1.5599999999998446	-2.304008960347361	0.8823383081140177	-1.421670652233343	0.8823383081140177
1.564999999999844	-2.3171403497025818	0.8954696831117549	-1.4216706665908265	0.8954696831117549
1.5699999999998435	-2.322393626823158	0.900722957426696	-1.4216706693964618	0.900722957426696
1.574999999999843	-2.319775255161858	0.8981046064630046	-1.4216706486988533	0.8981046064630046
1.5799999999998424	-2.309853731425662	0.8881831067309165	-1.4216706246947455	0.8881831067309165
1.5849999999998419	-2.2937123054638118	0.8720417140317323	-1.4216705914320795	0.8720417140317323
1.5899999999998413	-2.2729603323744176	0.8512897748994973	-1.4216705574749202	0.8512897748994973
1.5949999999998408	-2.2497867451879814	0.8281162485773658	-1.4216704966106155	0.8281162485773658
1.5999999999998402	-2.2269602095895293	0.8052897837289725	-1.4216704258605566	0.8052897837289725
1.6049999999998397	-2.2076252936704317	0.7859549469826724	-1.421670346687759	0.7859549469826724
1.6099999999998391	-2.194681100086982	0.7730107928364847	-1.4216703072504975	0.7730107928364847
1.6149999999998386	-2.189883080772689	0.7682127824323652	-1.4216702983403238	0.7682127824323652
1.619999999999838	-2.193209165250863	0.7715388224868042	-1.421670342764059	0.7715388224868042
1.6249999999998375	-2.202907085682073	0.781236694775584	-1.4216703909064892	0.781236694775584
1.629999999999837	-2.216143320810934	0.7944728506300176	-1.4216704701809164	0.7944728506300176
1.6349999999998364	-2.2298661905003105	0.808195672271902	-1.4216705182284084	0.808195672271902
1.6399999999998358	-2.2415057947286305	0.8198352461194223	-1.421670548609208	0.8198352461194223
1.6449999999998353	-2.2493685866255113	0.8276980193411214	-1.42167056728439	0.8276980193411214
1.6499999999998347	-2.2527411296218354	0.8310705550118933	-1.4216705746099418	0.8310705550118933
1.6549999999998342	-2.251796466582121	0.8301259090767164	-1.4216705575054047	0.8301259090767164
1.6599999999998336	-2.2473626852439215	0.8256921623163221	-1.4216705229275994	0.8256921623163221
1.664999999999833	-2.240652795753909	0.8189823198439357	-1.4216704759099732	0.8189823198439357
1.6699999999998325	-2.23302376782908	0.8113533321687874	-1.421670435660293	0.8113533321687874
1.674999999999832	-2.225828675704773	0.804158267823369	-1.4216704078814038	0.804158267823369
1.6799999999998314	-2.2202984564291026	0.798628094673637	-1.4216703617554658	0.798628094673637
1.6849999999998309	-2.217394231889106	0.7957238925207224	-1.4216703393683836	0.7957238925207224
1.6899999999998303	-2.2176588559900394	0.7959885253079559	-1.4216703306820833	0.7959885253079559
1.6949999999998298	-2.2211336984889405	0.7994633497000683	-1.4216703487888722	0.7994633497000683
1.6999999999998292	-2.2274296731631584	0.8057593129128081	-1.4216703602503502	0.8057593129128081
1.7049999999998287	-2.2358626759952656	0.814192293908469	-1.4216703820867962	0.814192293908469
1.709999999999828	-2.2455934477345134	0.8239230575479753	-1.4216703901865377	0.8239230575479753
1.7149999999998276	-2.2557261266242716	0.8340557187019836	-1.4216704079222882	0.8340557187019836
1.719999999999827	-2.2653974559704513	0.8437270205072666	-1.4216704354631844	0.8437270205072666
1.7249999999998264	-2.273865521797424	0.8521950712512136	-1.4216704505462108	0.8521950712512136
1.729999999999826	-2.2805890917468408	0.8589186331986609	-1.4216704585481796	0.8589186331986609
1.7349999999998253	-2.2852730599783286	0.8636025725327738	-1.421670487445555	0.8636025725327738
1.7399999999998248	-2.2878269747908226	0.8661564622541762	-1.4216705125366462	0.8661564622541762
1.7449999999998242	-2.288286085963515	0.8666155701082063	-1.4216705158553082	0.8666155701082063
1.7499999999998237	-2.286706106068106	0.8650356144439277	-1.4216704916241785	0.8650356144439277
1.7549999999998231	-2.2831077139971785	0.8614372246198966	-1.421670489377282	0.8614372246198966
1.7599999999998226	-2.2774938613145013	0.855823387157671	-1.4216704741568298	0.855823387157671
1.764999999999822	-2.269911752762084	0.8482412713390016	-1.4216704814230823	0.8482412713390016
1.7699999999998215	-2.2605691939904653	0.8388987613125246	-1.4216704326779408	0.8388987613125246
1.774999999999821	-2.2499646277586898	0.8282942067153138	-1.4216704210433762	0.8282942067153138
1.7799999999998204	-2.2389973789743935	0.8173269850047566	-1.4216703939696367	0.8173269850047566
1.7849999999998198	-2.2289356145786097	0.8072652681902074	-1.4216703463884022	0.8072652681902074
1.7899999999998193	-2.2211546612777124	0.7994843384406485	-1.421670322837064	0.7994843384406485
1.7949999999998187	-2.2167222409970297	0.7950519601514974	-1.4216702808455324	0.7950519601514974
1.7999999999998182	-2.216038509267305	0.7943682597322913	-1.4216702495350138	0.7943682597322913
1.8049999999998176	-2.218760369690904	0.7970900950156857	-1.4216702746752186	0.7970900950156857
1.809999999999817	-2.2240430760900303	0.8023727959546023	-1.421670280135428	0.8023727959546023
1.8149999999998165	-2.230892507190527	0.8092222226548589	-1.4216702845356681	0.8092222226548589
1.819999999999816	-2.23842345014918	0.8167531829803832	-1.421670267168797	0.8167531829803832
1.8249999999998154	-2.2459635505504023	0.8242932635479192	-1.4216702870024833	0.8242932635479192
1.8299999999998149	-2.2530474565048824	0.831377166171192	-1.4216702903336904	0.831377166171192
1.8349999999998143	-2.2593945302909706	0.8377242301140703	-1.4216703001769004	0.8377242301140703
1.8399999999998138	-2.26487464502334	0.8432043314782932	-1.4216703135450468	0.8432043314782932
1.8449999999998132	-2.2694945183320803	0.847824226290243	-1.4216702920418374	0.847824226290243
1.8499999999998127	-2.2733247822795146	0.8516545137105617	-1.4216702685689528	0.8516545137105617
1.8549999999998121	-2.27639641997118	0.8547261265646162	-1.421670293406564	0.8547261265646162
1.8599999999998116	-2.2785815833483634	0.8569112806788661	-1.4216703026694972	0.8569112806788661
1.864999999999811	-2.2795970553315867	0.857926744413594	-1.4216703109179927	0.857926744413594
1.8699999999998105	-2.2791084177112357	0.8574380842913398	-1.4216703334198957	0.8574380842913398
1.87499999999981	-2.276854765831921	0.8551844358470774	-1.4216703299848439	0.8551844358470774
1.8799999999998094	-2.2727492539337137	0.8510789204590319	-1.4216703334746819	0.8510789204590319
1.8849999999998088	-2.266887183076602	0.8452168663076798	-1.4216703167689224	0.8452168663076798
1.8899999999998083	-2.259503615626794	0.8378333027056079	-1.4216703129211863	0.8378333027056079
1.8949999999998077	-2.2509240245704034	0.8292537360296575	-1.421670288540746	0.8292537360296575
1.8999999999998072	-2.241507592652357	0.8198372942397196	-1.4216702984126375	0.8198372942397196
1.9049999999998066	-2.2315394367018477	0.8098691448288987	-1.4216702918729487	0.8098691448288987
1.909999999999806	-2.2211147961166704	0.7994444866906767	-1.421670309425994	0.7994444866906767
1.9149999999998055	-2.2100843460658357	0.7884140258127479	-1.421670320253088	0.7884140258127479
1.919999999999805	-2.1981329619039482	0.7764626425660373	-1.421670319337911	0.7764626425660373
1.9249999999998044	-2.185005144615078	0.7633348219506754	-1.421670322664403	0.7633348219506754
1.9299999999998039	-2.1707554524135633	0.7490851297201202	-1.421670322693443	0.7490851297201202
1.9349999999998033	-2.155893179512599	0.7342228789957072	-1.4216703005168916	0.7342228789957072
1.9399999999998028	-2.141327354038076	0.7196570970281613	-1.4216702570099147	0.7196570970281613
1.9449999999998022	-2.128125794381507	0.7064555488467551	-1.421670245534752	0.7064555488467551
1.9499999999998017	-2.1172204557982397	0.6955502278897144	-1.4216702279085252	0.6955502278897144
1.9549999999998011	-2.109194946896061	0.6875247220895037	-1.4216702248065576	0.6875247220895037
1.9599999999998006	-2.104212534236643	0.6825423033384574	-1.4216702308981854	0.6825423033384574
1.9649999999998	-2.1020482190844043	0.6803779715734878	-1.4216702475109166	0.6803779715734878
1.9699999999997995	-2.1022227100663597	0.6805524509831961	-1.4216702590831636	0.6805524509831961
1.974999999999799	-2.104175183404147	0.6825049148467857	-1.4216702685573614	0.6825049148467857
1.9799999999997984	-2.107382148005206	0.6857118792428478	-1.4216702687623581	0.6857118792428478
1.9849999999997978	-2.111369336276651	0.6896990596795706	-1.42167027659708	0.6896990596795706
1.9899999999997973	-2.115633067771645	0.6939627791971045	-1.4216702885745405	0.6939627791971045
1.9949999999997967	-2.1196101639084346	0.6979398615433908	-1.4216703023650437	0.6979398615433908
1.9999999999997962	-2.1227680111302334	0.7010976891322723	-1.421670321997961	0.7010976891322723
2.0049999999998067	-2.1247437453141274	0.7030734072054614	-1.421670338108666	0.7030734072054614
2.0099999999998173	-2.125412131192204	0.703741791729942	-1.4216703394622618	0.703741791729942
2.014999999999828	-2.1248251996821335	0.703154890272029	-1.4216703094101046	0.703154890272029
2.0199999999998384	-2.123080876191877	0.70141056006491	-1.4216703161269673	0.70141056006491
2.024999999999849	-2.1202816656722594	0.6986113539416791	-1.4216703117305804	0.6986113539416791
2.0299999999998595	-2.116630135688623	0.6949598254414197	-1.421670310247203	0.6949598254414197
2.03499999999987	-2.112581712702248	0.6909114326013527	-1.421670280100895	0.6909114326013527
2.0399999999998806	-2.1089172975334383	0.6872470304404711	-1.4216702670929675	0.6872470304404711
2.044999999999891	-2.106604880621137	0.6849346316123577	-1.4216702490087796	0.6849346316123577
2.0499999999999017	-2.106488933329185	0.6848186970086229	-1.4216702363205622	0.6848186970086229
2.0549999999999122	-2.1089474495863043	0.6872772105982334	-1.4216702389880709	0.6872772105982334
2.059999999999923	-2.1136898333200373	0.6920195696883685	-1.421670263631669	0.6920195696883685
2.0649999999999333	-2.119881585417679	0.6982112962202482	-1.4216702891974307	0.6982112962202482
2.069999999999944	-2.126643219178428	0.7049729198438855	-1.4216702993345427	0.7049729198438855
2.0749999999999544	-2.1337691231509033	0.7120988498967138	-1.4216702732541893	0.7120988498967138
2.079999999999965	-2.1421642943883046	0.7204940565951468	-1.421670237793158	0.7204940565951468
2.0849999999999755	-2.153330170124614	0.7316599471516302	-1.4216702229729838	0.7316599471516302
2.089999999999986	-2.1678774831626044	0.7462072097785931	-1.4216702733840116	0.7462072097785931
2.0949999999999966	-2.184334788166863	0.7626644542753486	-1.4216703338915142	0.7626644542753486
2.100000000000007	-2.199576578616531	0.7779061699212503	-1.4216704086952812	0.7779061699212503
2.1050000000000177	-2.2104826386959417	0.7888121948922552	-1.421670443803687	0.7888121948922552
2.1100000000000283	-2.215301251378009	0.7936308001604229	-1.421670451217586	0.7936308001604229
2.115000000000039	-2.214009206136202	0.7923388125621549	-1.421670393574047	0.7923388125621549
2.1200000000000494	-2.2079977686265604	0.7863274536003807	-1.4216703150261794	0.7863274536003807
2.12500000000006	-2.199565006220336	0.7778947642574308	-1.4216702419629053	0.7778947642574308
2.1300000000000705	-2.191364891138483	0.76969471713485	-1.421670174003633	0.76969471713485
2.135000000000081	-2.1858487599972527	0.7641786461754292	-1.4216701138218235	0.7641786461754292
2.1400000000000916	-2.184727695237149	0.763057600776048	-1.4216700944611005	0.763057600776048
2.145000000000102	-2.1885973690171863	0.7669272379908973	-1.4216701310262885	0.7669272379908973
2.1500000000001127	-2.1968971373440067	0.7752269731196236	-1.4216701642243832	0.7752269731196236
2.1550000000001233	-2.2082008231321235	0.7865306097597146	-1.421670213372409	0.7865306097597146
2.160000000000134	-2.220666403058838	0.7989961401523565	-1.4216702629064815	0.7989961401523565
2.1650000000001444	-2.232487656869191	0.8108173758742495	-1.4216702809949415	0.8108173758742495
2.170000000000155	-2.2422324309154753	0.8205621339095448	-1.4216702970059305	0.8205621339095448
2.1750000000001655	-2.2490174947251647	0.8273471909051334	-1.4216703038200313	0.8273471909051334
2.180000000000176	-2.2526229891283247	0.8309526980485414	-1.4216702910797836	0.8309526980485414
2.1850000000001866	-2.253483633805775	0.8318133474567412	-1.421670286349034	0.8318133474567412
2.190000000000197	-2.252543098854498	0.8308728271120341	-1.421670271742464	0.8308728271120341
2.1950000000002077	-2.2509370600713527	0.8292668175970901	-1.4216702424742624	0.8292668175970901
2.2000000000002182	-2.2496052451158666	0.8279350132803203	-1.4216702318355465	0.8279350132803203
2.2050000000002288	-2.2489928936293815	0.827322658419507	-1.4216702352098742	0.827322658419507
2.2100000000002393	-2.249015533518638	0.8273452868753455	-1.4216702466432927	0.8273452868753455
2.21500000000025	-2.2492466932319393	0.8275764335174314	-1.4216702597145074	0.8275764335174314
2.2200000000002604	-2.2491820310602666	0.8275117677690729	-1.4216702632911937	0.8275117677690729
2.225000000000271	-2.2483872583682754	0.8267169602409229	-1.4216702981273526	0.8267169602409229
2.2300000000002815	-2.2465056690297884	0.8248353651060485	-1.42167030392374	0.8248353651060485
2.235000000000292	-2.243231874054225	0.8215615592380979	-1.4216703148161272	0.8215615592380979
2.2400000000003026	-2.238306357060374	0.8166360353796324	-1.4216703216807414	0.8166360353796324
2.245000000000313	-2.231575402327293	0.8099050800125538	-1.421670322314739	0.8099050800125538
2.2500000000003237	-2.2231261655164243	0.8014558480082629	-1.4216703175081613	0.8014558480082629
2.2550000000003343	-2.2134225203832685	0.7917522100817068	-1.4216703103015618	0.7917522100817068
2.260000000000345	-2.203336622814282	0.7816663435690683	-1.4216702792452136	0.7816663435690683
2.2650000000003554	-2.1939926441048363	0.7723224053040605	-1.4216702388007758	0.7723224053040605
2.270000000000366	-2.1864180233462687	0.7647477974255503	-1.4216702259207181	0.7647477974255503
2.2750000000003765	-2.1811991260258097	0.7595289008694637	-1.4216702251563458	0.7595289008694637
2.280000000000387	-2.17836102389716	0.7566907907353092	-1.4216702331618507	0.7566907907353092
2.2850000000003976	-2.177507210203042	0.7558369755405672	-1.4216702346624748	0.7558369755405672
2.290000000000408	-2.17808745038214	0.756417211949567	-1.421670238432573	0.756417211949567
2.2950000000004187	-2.1795494238116735	0.7578791733227294	-1.4216702504889442	0.7578791733227294
2.3000000000004293	-2.1813284029847555	0.7596581345663428	-1.4216702684184128	0.7596581345663428
2.30500000000044	-2.1827758403371704	0.761105564783813	-1.4216702755533572	0.761105564783813
2.3100000000004504	-2.1832107718675346	0.7615404769015135	-1.4216702949660214	0.7615404769015135
2.315000000000461	-2.182166571064014	0.7604962612062514	-1.4216703098577625	0.7604962612062514
2.3200000000004715	-2.179750112117986	0.7580798371472952	-1.4216702749706907	0.7580798371472952
2.325000000000482	-2.176916692627167	0.7552464668237847	-1.421670225803382	0.7552464668237847
2.3300000000004926	-2.1753783696963653	0.7537081829500453	-1.42167018674632	0.7537081829500453
2.335000000000503	-2.1769865392032135	0.7553163761972957	-1.4216701630059179	0.7553163761972957
2.3400000000005137	-2.1827219714049213	0.7610518156411398	-1.4216701557637816	0.7610518156411398
2.345000000000524	-2.1919598499762434	0.770289625233787	-1.4216702247424564	0.770289625233787
2.3500000000005348	-2.202571254903319	0.7809009791470704	-1.4216702757562487	0.7809009791470704
2.3550000000005453	-2.211780343400951	0.790110016107362	-1.4216703272935889	0.790110016107362
2.360000000000556	-2.2172262564559038	0.7955559090536011	-1.4216703474023027	0.7955559090536011
2.3650000000005664	-2.217806031981074	0.796135684122406	-1.421670347858668	0.796135684122406
2.370000000000577	-2.214158316642741	0.7924880262060665	-1.4216702904366747	0.7924880262060665
2.3750000000005875	-2.208657089705004	0.7869868966145277	-1.4216701930904758	0.7869868966145277
2.380000000000598	-2.2045811438331553	0.7829110203035605	-1.4216701235295945	0.7829110203035605
2.3850000000006086	-2.20461611992181	0.7829460383748575	-1.4216700815469523	0.7829460383748575
2.390000000000619	-2.209617239655123	0.7879471197025346	-1.4216701199525885	0.7879471197025346
2.3950000000006297	-2.2185841867454648	0.7969140269906595	-1.4216701597548052	0.7969140269906595
2.4000000000006403	-2.2296657816450978	0.807995593539657	-1.4216701881054405	0.807995593539657
2.405000000000651	-2.2411739668529385	0.8195037564622858	-1.4216702103906527	0.8195037564622858
2.4100000000006614	-2.252041052955039	0.8303708194337935	-1.4216702335212457	0.8303708194337935
2.415000000000672	-2.2618352456656665	0.8401650265027237	-1.421670219162943	0.8401650265027237
2.4200000000006825	-2.27063629089972	0.8489660975014953	-1.4216701933982248	0.8489660975014953
2.425000000000693	-2.278841535477075	0.8571713291823023	-1.421670206294773	0.8571713291823023
2.4300000000007036	-2.286896331818874	0.865226144639101	-1.4216701871797732	0.865226144639101
2.435000000000714	-2.295005899554374	0.8733356991561497	-1.4216702003982242	0.8733356991561497
2.4400000000007247	-2.3029322956662277	0.8812620663460222	-1.4216702293202053	0.8812620663460222
2.4450000000007353	-2.3100231857943796	0.8883529311252552	-1.4216702546691244	0.8883529311252552
2.450000000000746	-2.3154710097631033	0.8938007512316627	-1.421670258531441	0.8938007512316627
2.4550000000007564	-2.3186495870656394	0.8969793308082753	-1.4216702562573642	0.8969793308082753
2.460000000000767	-2.3193513352588115	0.8976810904367919	-1.4216702448220195	0.8976810904367919
2.4650000000007775	-2.3178570334047865	0.8961868314830571	-1.4216702019217293	0.8961868314830571
2.470000000000788	-2.3148421649149356	0.8931719875864751	-1.4216701773284603	0.8931719875864751
2.4750000000007986	-2.3112278767633625	0.8895577088548001	-1.4216701679085622	0.8895577088548001
2.480000000000809	-2.307983977876149	0.8863138162800737	-1.4216701615960756	0.8863138162800737
2.4850000000008197	-2.305932028863857	0.8842618457220336	-1.4216701831418233	0.8842618457220336
2.49000000000083	-2.30554012676654	0.8838699156405575	-1.4216702111259827	0.8838699156405575
2.4950000000008408	-2.3067284495192073	0.8850582257867207	-1.421670223732487	0.8850582257867207
2.5000000000008513	-2.308822718169173	0.8871524441098246	-1.4216702740593485	0.8871524441098246
2.505000000000862	-2.3107038743407533	0.8890335583991145	-1.4216703159416386	0.8890335583991145
2.5100000000008724	-2.3111415512907607	0.8894712282019939	-1.4216703230887668	0.8894712282019939
2.515000000000883	-2.309205001689163	0.8875346674922315	-1.4216703341969312	0.8875346674922315
2.5200000000008935	-2.3045883889413354	0.8829180847779214	-1.421670304163414	0.8829180847779214
2.525000000000904	-2.297756980744998	0.8760866797760148	-1.4216703009689826	0.8760866797760148
2.5300000000009146	-2.289839825779566	0.8681695757301862	-1.4216702500493796	0.8681695757301862
2.535000000000925	-2.282309913103359	0.8606397031743821	-1.4216702099289769	0.8606397031743821
2.5400000000009357	-2.2765732965809935	0.8549031351491607	-1.4216701614318328	0.8549031351491607
2.5450000000009463	-2.273624752546538	0.8519546077855145	-1.4216701447610234	0.8519546077855145
2.550000000000957	-2.273907061975032	0.8522369409018208	-1.4216701210732114	0.8522369409018208
2.5550000000009674	-2.2774188704123435	0.8557487371982867	-1.4216701332140567	0.8557487371982867
2.560000000000978	-2.283911393600357	0.8622412566265594	-1.4216701369737974	0.8622412566265594
2.5650000000009885	-2.2929710926274747	0.8713009668917572	-1.4216701257357176	0.8713009668917572
2.570000000000999	-2.3038938539878675	0.8822236841602863	-1.4216701698275813	0.8822236841602863
2.5750000000010096	-2.3154923110484877	0.8938221068619943	-1.4216702041864937	0.8938221068619943
2.58000000000102	-2.326123953417458	0.9044537370872265	-1.4216702163302313	0.9044537370872265
2.5850000000010307	-2.33399299873239	0.9123227270224077	-1.421670271709982	0.9123227270224077
2.5900000000010412	-2.3376327145631612	0.9159624302784135	-1.4216702842847477	0.9159624302784135
2.595000000001052	-2.3362614979729184	0.9145912247532418	-1.4216702732196769	0.9145912247532418
2.6000000000010624	-2.3298987802168947	0.9082285031572642	-1.4216702770596306	0.9082285031572642
2.605000000001073	-2.319258227036029	0.897587965448712	-1.421670261587317	0.897587965448712
2.6100000000010835	-2.3055022069387303	0.8838319800704894	-1.421670226868241	0.8838319800704894
2.615000000001094	-2.2899949091702636	0.8683247223371342	-1.4216701868331294	0.8683247223371342
2.6200000000011046	-2.2741177929382976	0.8524476647842282	-1.4216701281540696	0.8524476647842282
2.625000000001115	-2.259148317189424	0.8374782069215999	-1.4216701102678244	0.8374782069215999
2.6300000000011257	-2.246213650298002	0.8245435477632023	-1.4216701025348	0.8245435477632023
2.635000000001136	-2.2362890972555123	0.8146190077039828	-1.4216700895515293	0.8146190077039828
2.6400000000011468	-2.230221820735327	0.8085517594654502	-1.421670061269877	0.8085517594654502
2.6450000000011573	-2.2287730168091224	0.8071029770315286	-1.4216700397775939	0.8071029770315286
2.650000000001168	-2.2325475252522304	0.8108774806248651	-1.4216700446273653	0.8108774806248651
2.6550000000011784	-2.2418040420175513	0.820133976132865	-1.4216700658846866	0.820133976132865
2.660000000001189	-2.256160093559766	0.8344899990030501	-1.421670094556716	0.8344899990030501
2.6650000000011995	-2.274401471885668	0.8527313527039816	-1.4216701191816867	0.8527313527039816
2.67000000000121	-2.2945572608550684	0.8728870739536734	-1.4216701869013948	0.8728870739536734
2.6750000000012206	-2.3142836047734616	0.8926133806931483	-1.4216702240803132	0.8926133806931483
2.680000000001231	-2.3313913556249104	0.9097210864183474	-1.4216702692065633	0.9097210864183474
2.6850000000012417	-2.3442604592974807	0.9225902226899287	-1.421670236607552	0.9225902226899287
2.6900000000012523	-2.3519972187808196	0.9303269799172585	-1.4216702388635611	0.9303269799172585
2.695000000001263	-2.354370828380728	0.9327005881421087	-1.4216702402386192	0.9327005881421087
2.7000000000012734	-2.3516128464231083	0.9299426091211087	-1.4216702373019996	0.9299426091211087
2.705000000001284	-2.3441754239018833	0.9225051840507662	-1.4216702398511172	0.9225051840507662
2.7100000000012945	-2.3325486873274297	0.9108784285941954	-1.4216702587332342	0.9108784285941954
2.715000000001305	-2.3171957956078892	0.8955255287971418	-1.4216702668107475	0.8955255287971418
2.7200000000013156	-2.298694097688425	0.8770238306852	-1.421670267003225	0.8770238306852
2.725000000001326	-2.278063788683287	0.8563935763077134	-1.4216702123755736	0.8563935763077134
2.7300000000013367	-2.2570905265754995	0.8354203611805481	-1.4216701653949513	0.8354203611805481
2.7350000000013472	-2.238297360665962	0.8166272463027139	-1.4216701143632486	0.8166272463027139
2.740000000001358	-2.224263104836294	0.8025930294585955	-1.4216700753776985	0.8025930294585955
2.7450000000013683	-2.2166325042320807	0.7949624425944871	-1.4216700616375937	0.7949624425944871
2.750000000001379	-2.2156763191264623	0.7940062607844137	-1.4216700583420487	0.7940062607844137
2.7550000000013894	-2.220692160984017	0.7990220683947529	-1.4216700925892645	0.7990220683947529
2.7600000000014	-2.2306407886278965	0.8089706739560186	-1.4216701146718782	0.8089706739560186
2.7650000000014106	-2.244399234052891	0.8227291095012351	-1.4216701245516554	0.8227291095012351
2.770000000001421	-2.2606477822129105	0.838977601812561	-1.4216701804003495	0.838977601812561
2.7750000000014317	-2.277739446296941	0.8560692143252565	-1.4216702319716847	0.8560692143252565
2.780000000001442	-2.2938123206542933	0.8721420276187581	-1.4216702930355354	0.8721420276187581
2.7850000000014528	-2.307057528396164	0.8853872093686224	-1.421670319027542	0.8853872093686224
2.7900000000014633	-2.3160104336500664	0.8943400990101934	-1.4216703346398731	0.8943400990101934
2.795000000001474	-2.319775684301111	0.8981053401564669	-1.421670344144644	0.8981053401564669
2.8000000000014844	-2.318141372751733	0.8964710512744327	-1.4216703214772999	0.8964710512744327
2.805000000001495	-2.3116375365280377	0.8899672259483586	-1.4216703105796793	0.8899672259483586
2.8100000000015055	-2.301503951690872	0.879833671327162	-1.4216702803637105	0.879833671327162
2.815000000001516	-2.28953049309296	0.8678602566586483	-1.421670236434312	0.8678602566586483
2.8200000000015266	-2.2777219008213523	0.8560517095799051	-1.4216701912414473	0.8560517095799051
2.825000000001537	-2.267836472468857	0.8461663153717349	-1.421670157097122	0.8461663153717349
2.8300000000015477	-2.2609394723266694	0.839269330596397	-1.4216701417302722	0.839269330596397
2.8350000000015583	-2.2571598278909644	0.8354896506058364	-1.4216701772851277	0.8354896506058364
2.840000000001569	-2.255758569897762	0.8340883753244218	-1.4216701945733399	0.8340883753244218
2.8450000000015794	-2.2554506676937534	0.8337804296950588	-1.4216702379986943	0.8337804296950588
2.85000000000159	-2.2549036175519945	0.8332333414014296	-1.421670276150565	0.8332333414014296
2.8550000000016005	-2.253154039541414	0.8314837506051853	-1.4216702889362287	0.8314837506051853
2.860000000001611	-2.2498241543607156	0.8281538641207179	-1.4216702902399976	0.8281538641207179
2.8650000000016216	-2.2450606685119756	0.8233903913947976	-1.4216702771171783	0.8233903913947976
2.870000000001632	-2.2392584505375233	0.8175881786267766	-1.4216702719107468	0.8175881786267766
2.8750000000016427	-2.232719519216148	0.811049245509574	-1.4216702737065738	0.811049245509574
2.8800000000016532	-2.2254271170446924	0.8037568287025639	-1.4216702883421284	0.8037568287025639
2.885000000001664	-2.217103625241393	0.7954333072912596	-1.4216703179501338	0.7954333072912596
2.8900000000016743	-2.20749743105002	0.7858270953128723	-1.4216703357371478	0.7858270953128723
2.895000000001685	-2.1967099409273967	0.7750396334848088	-1.4216703074425876	0.7750396334848088
2.9000000000016954	-2.185285349072966	0.7636150690362214	-1.4216702800367447	0.7636150690362214
2.905000000001706	-2.1740154520660098	0.7523451683741217	-1.4216702836918877	0.7523451683741217
2.9100000000017165	-2.1636510443931165	0.7419807802534895	-1.4216702641396273	0.7419807802534895
2.915000000001727	-2.15478162941436	0.7331113777435686	-1.421670251670791	0.7331113777435686
2.9200000000017377	-2.1479308891637183	0.7262606546290311	-1.4216702345346872	0.7262606546290311
2.925000000001748	-2.1436739208574336	0.7220037094960295	-1.4216702113614041	0.7220037094960295
2.9300000000017588	-2.1425917378249992	0.7209215184026521	-1.4216702194223472	0.7209215184026521
2.9350000000017693	-2.14502353701433	0.7233533092263231	-1.421670227788007	0.7233533092263231
2.94000000000178	-2.1507724544742057	0.7291021942686166	-1.4216702602055893	0.7291021942686166
2.9450000000017904	-2.1590031602013644	0.737332861620327	-1.4216702985810374	0.737332861620327
2.950000000001801	-2.168428440197173	0.7467581201078195	-1.4216703200893535	0.7467581201078195
2.9550000000018115	-2.177694549644238	0.7560242177715394	-1.4216703318726984	0.7560242177715394
2.960000000001822	-2.18573629315138	0.7640659510023786	-1.4216703421490013	0.7640659510023786
2.9650000000018326	-2.1920190055165345	0.7703486383523841	-1.4216703671641502	0.7703486383523841
2.970000000001843	-2.1966018356349606	0.7749314916704574	-1.421670343964503	0.7749314916704574
2.9750000000018537	-2.200059357904878	0.7783890626127533	-1.421670295292125	0.7783890626127533
2.9800000000018643	-2.203263177782271	0.7815928928149343	-1.4216702849673368	0.7815928928149343
2.985000000001875	-2.2070873025474396	0.7854170424410976	-1.421670260106342	0.7854170424410976
2.9900000000018854	-2.2121529951064787	0.7904827259601035	-1.4216702691463752	0.7904827259601035
2.995000000001896	-2.218736764340615	0.7970664856849258	-1.4216702786556892	0.7970664856849258
3.0000000000019065	-2.2268378518249703	0.8051675544007039	-1.4216702974242663	0.8051675544007039
3.005000000001917	-2.236280123931073	0.8146098373983257	-1.421670286532747	0.8146098373983257
3.0100000000019276	-2.2466707787813194	0.8250005005960044	-1.421670278185315	0.8250005005960044
3.015000000001938	-2.2572623313611113	0.8355920147140848	-1.4216703166470268	0.8355920147140848
3.0200000000019487	-2.2668772195686033	0.8452068578925862	-1.4216703616760173	0.8452068578925862
3.0250000000019592	-2.2741092592083	0.8524388688081618	-1.421670390400138	0.8524388688081618
3.03000000000197	-2.2777491728245156	0.8560787570501219	-1.421670415774394	0.8560787570501219
3.0350000000019803	-2.2772210841855505	0.8555506825574954	-1.421670401628055	0.8555506825574954
3.040000000001991	-2.2728352016434017	0.8511648428625124	-1.4216703587808894	0.8511648428625124
3.0450000000020014	-2.2657688596781282	0.8440985534105073	-1.421670306267621	0.8440985534105073
3.050000000002012	-2.257817736314938	0.8361474826415638	-1.4216702536733743	0.8361474826415638
3.0550000000020225	-2.2509694276118837	0.8292992250850498	-1.4216702025268342	0.8292992250850498
3.060000000002033	-2.246894506959191	0.8252243526215295	-1.4216701543376613	0.8252243526215295
3.0650000000020436	-2.246511824652049	0.8248416744955551	-1.4216701501564935	0.8248416744955551
3.070000000002054	-2.249809526598239	0.828139364135885	-1.4216701624623542	0.828139364135885
3.0750000000020647	-2.2559961573454745	0.8343259543514812	-1.4216702029939932	0.8343259543514812
3.0800000000020753	-2.2639321909580636	0.8422619550324255	-1.421670235925638	0.8422619550324255
3.085000000002086	-2.272613718698486	0.8509434574499961	-1.4216702612484897	0.8509434574499961
3.0900000000020964	-2.2814488598559355	0.8597786048411504	-1.4216702550147848	0.8597786048411504
3.095000000002107	-2.290223507607139	0.86855326237971	-1.421670245227429	0.86855326237971
3.1000000000021175	-2.2987992699749915	0.8771290249319358	-1.4216702450430558	0.8771290249319358
3.105000000002128	-2.306831619508919	0.8851613695733299	-1.4216702499355893	0.8851613695733299
3.1100000000021386	-2.3137586970998294	0.8920884227516288	-1.4216702743482006	0.8920884227516288
3.115000000002149	-2.319000933883365	0.8973306483645732	-1.4216702855187915	0.8973306483645732
3.1200000000021597	-2.3221999993582356	0.9005297143906966	-1.421670284967539	0.9005297143906966
3.1250000000021703	-2.3232893538338653	0.9016190650238728	-1.4216702888099924	0.9016190650238728
3.130000000002181	-2.322418905777433	0.9007486147426554	-1.4216702910347778	0.9007486147426554
3.1350000000021914	-2.319851782652205	0.8981814822734282	-1.4216703003787772	0.8981814822734282
3.140000000002202	-2.3159222049608994	0.8942518948322554	-1.421670310128644	0.8942518948322554
3.1450000000022125	-2.3110592290913448	0.8893889041450653	-1.4216703249462797	0.8893889041450653
3.150000000002223	-2.305826481097066	0.8841561657375532	-1.4216703153595132	0.8841561657375532
3.1550000000022336	-2.300902163240082	0.8792318495710668	-1.4216703136690154	0.8792318495710668
3.160000000002244	-2.2969806991934294	0.8753103828632693	-1.42167031633016	0.8753103828632693
3.1650000000022547	-2.2946276476033334	0.8729573130995658	-1.4216703345037678	0.8729573130995658
3.1700000000022652	-2.2941876762059614	0.8725173326428468	-1.4216703435631144	0.8725173326428468
3.175000000002276	-2.2957554486700733	0.8740851299967403	-1.4216703186733328	0.8740851299967403
3.1800000000022863	-2.2991461186710866	0.8774757602476396	-1.4216703584234471	0.8774757602476396
3.185000000002297	-2.3038371473300634	0.8821667780423468	-1.4216703692877166	0.8821667780423468
3.1900000000023074	-2.308924620499918	0.8872542001924422	-1.4216704203074757	0.8872542001924422
3.195000000002318	-2.313260354308336	0.891589922145412	-1.4216704321629239	0.891589922145412
3.2000000000023285	-2.3157745876210583	0.8941041509508649	-1.421670436670193	0.8941041509508649
3.205000000002339	-2.315834858065551	0.8941644195967481	-1.4216704384688026	0.8941644195967481
3.2100000000023496	-2.313422725725201	0.8917522991895522	-1.4216704265356486	0.8917522991895522
3.21500000000236	-2.309094997403146	0.8874246011622071	-1.421670396240939	0.8874246011622071
3.2200000000023707	-2.303750265724925	0.882079925083727	-1.4216703406411983	0.882079925083727
3.2250000000023813	-2.2983239398339474	0.8766536086899083	-1.4216703311440388	0.8766536086899083
3.230000000002392	-2.2934925336092276	0.8718221976763073	-1.4216703359329201	0.8718221976763073
3.2350000000024024	-2.2894787859748833	0.8678084626957353	-1.4216703232791479	0.8678084626957353
3.240000000002413	-2.286006569737276	0.8643362284647086	-1.4216703412725675	0.8643362284647086
3.2450000000024235	-2.2824543300603795	0.8607839801667471	-1.4216703498936323	0.8607839801667471
3.250000000002434	-2.2781677112938947	0.8564973400643626	-1.421670371229532	0.8564973400643626
3.2550000000024446	-2.272797027627835	0.8511266484102344	-1.4216703792176006	0.8511266484102344
3.260000000002455	-2.2665474888775377	0.8448771318982543	-1.4216703569792835	0.8448771318982543
3.2650000000024657	-2.2601948245305232	0.8385244823690069	-1.4216703421615164	0.8385244823690069
3.2700000000024763	-2.254824229479123	0.8331539140619262	-1.421670315417197	0.8331539140619262
3.275000000002487	-2.2513807098409195	0.8297104095658168	-1.4216703002751025	0.8297104095658168
3.2800000000024974	-2.2502520160853807	0.8285816993065339	-1.4216703167788467	0.8285816993065339
3.285000000002508	-2.251098895455778	0.8294285431972966	-1.421670352258481	0.8294285431972966
3.2900000000025185	-2.253091986513671	0.8314216105512277	-1.4216703759624436	0.8314216105512277
3.295000000002529	-2.2554453239604704	0.8337749541212125	-1.4216703698392579	0.8337749541212125
3.3000000000025396	-2.2579682159173977	0.8362978375398952	-1.4216703783775029	0.8362978375398952
3.30500000000255	-2.2612017877586332	0.8395314243996918	-1.4216703633589411	0.8395314243996918
3.3100000000025607	-2.2659282011658055	0.8442578429606801	-1.4216703582051256	0.8442578429606801
3.3150000000025712	-2.272474998596789	0.8508046231015072	-1.421670375495282	0.8508046231015072
3.3200000000025818	-2.280498211023079	0.8588278184963589	-1.42167039252672	0.8588278184963589
3.3250000000025923	-2.2893404060557314	0.8676700147477754	-1.4216703913079562	0.8676700147477754
3.330000000002603	-2.298371306611939	0.8767008986206954	-1.4216704079912432	0.8767008986206954
3.3350000000026134	-2.3069580885110734	0.8852876635528972	-1.4216704249581764	0.8852876635528972
3.340000000002624	-2.3142457242378978	0.8925752807385665	-1.4216704434993312	0.8925752807385665
3.3450000000026345	-2.3190844317649164	0.8974139507363981	-1.4216704810285181	0.8974139507363981
3.350000000002645	-2.320179128207146	0.8985086097693289	-1.421670518437817	0.8985086097693289
3.3550000000026556	-2.316395332604215	0.894724796747372	-1.4216705358568427	0.894724796747372
3.360000000002666	-2.307094090050367	0.8854235430314387	-1.4216705470189281	0.8854235430314387
3.3650000000026767	-2.2924403535504605	0.870769828053535	-1.4216705254969253	0.870769828053535
3.3700000000026873	-2.273633858824991	0.8519633682318377	-1.4216704905931534	0.8519633682318377
3.375000000002698	-2.2529425807288677	0.8312721726485459	-1.4216704080803213	0.8312721726485459
3.3800000000027084	-2.233401274578333	0.8117309465353337	-1.4216703280429994	0.8117309465353337
3.385000000002719	-2.218158276209772	0.7964880164896218	-1.42167025972015	0.7964880164896218
3.3900000000027295	-2.2096254525989183	0.7879551931339153	-1.421670259465003	0.7879551931339153
3.39500000000274	-2.208722998802076	0.7870527284775493	-1.4216702703245268	0.7870527284775493
3.4000000000027506	-2.214649190799627	0.7929788933177491	-1.4216702974818776	0.7929788933177491
3.405000000002761	-2.225302585153756	0.8036322173377985	-1.4216703678159572	0.8036322173377985
3.4100000000027717	-2.238152317946843	0.8164818860779962	-1.421670431868847	0.8164818860779962
3.4150000000027823	-2.251042192966157	0.8293717218181105	-1.4216704711480463	0.8293717218181105
