# t	u	ec	e	T	P
0.005	-0.6753221041529713	0.9951337801791346	0.3198116760261632	0.9951337801791346	0.5199887249015229
0.009999999999999995	-0.6748205361707508	0.9946322229280252	0.31981168675727445	0.9946322229280252	0.5190803167636857
0.014999999999999965	-0.6790323640166703	0.9988440599330027	0.31981169591633246	0.9988440599330027	0.5197960641095093
0.019999999999999934	-0.688283344781016	1.0080950424041952	0.31981169762317907	1.0080950424041952	0.5222337675811117
0.024999999999999904	-0.7026469874693313	1.022458677201696	0.3198116897323646	1.022458677201696	0.5264664931751047
0.029999999999999874	-0.7218051384081258	1.041616792858597	0.3198116544504714	1.041616792858597	0.5329682626475781
0.034999999999999976	-0.7449674687907786	1.0647790887864814	0.3198116199957029	1.0647790887864814	0.5404704758070403
0.04000000000000012	-0.7709355988106853	1.090747210574372	0.3198116117636869	1.090747210574372	0.5488861383908101
0.04500000000000026	-0.7982733182339845	1.1180849035410778	0.31981158530709325	1.1180849035410778	0.556406218682449
0.050000000000000405	-0.8255557482642628	1.1453672795626977	0.3198115312984349	1.1453672795626977	0.5661884941389789
0.05500000000000055	-0.8515857750201838	1.1713972781832225	0.3198115031630387	1.1713972781832225	0.5752294684479481
0.06000000000000069	-0.8755308743250879	1.1953423883745307	0.31981151404944286	1.1953423883745307	0.5820904506964234
0.06500000000000083	-0.8969371211276299	1.2167486383013995	0.31981151717376943	1.2167486383013995	0.5899004199589984
0.07000000000000098	-0.9156841425334059	1.2354956674550421	0.3198115249216363	1.2354956674550421	0.5965558816730776
0.07500000000000112	-0.9318914685816374	1.2517029936237272	0.31981152504208976	1.2517029936237272	0.6024223979226138
0.08000000000000126	-0.945821670416382	1.265633197489941	0.31981152707355903	1.265633197489941	0.6072218876241812
0.08500000000000141	-0.9578012037991678	1.2776127170405989	0.319811513241431	1.2776127170405989	0.6114007436760366
0.09000000000000155	-0.9681528402556918	1.2879643637297695	0.3198115234740777	1.2879643637297695	0.6154830663713173
0.0950000000000017	-0.9771626601025217	1.2969741945148943	0.31981153441237253	1.2969741945148943	0.6190302997815588
0.10000000000000184	-0.9850585475764717	1.3048700794062205	0.3198115318297488	1.3048700794062205	0.6223082227839483
0.10500000000000198	-0.9919858860704994	1.3117974232983196	0.31981153722782013	1.3117974232983196	0.6251713381437752
0.11000000000000212	-0.998000995816426	1.31781252768596	0.31981153186953404	1.31781252768596	0.6279010388859411
0.11500000000000227	-1.0030616295830719	1.3228731583043298	0.3198115287212579	1.3228731583043298	0.6299028960319526
0.12000000000000241	-1.0070254908529535	1.3268370009536945	0.31981151010074116	1.3268370009536945	0.6317500193481005
0.12500000000000255	-1.0096429530833684	1.3294544167137854	0.3198114636304172	1.3294544167137854	0.6328357601670297
0.130000000000002	-1.0105547865486466	1.3303662418927067	0.31981145534405997	1.3303662418927067	0.6338518936675241
0.13500000000000145	-1.0092921957459955	1.329103615493487	0.3198114197474915	1.329103615493487	0.6343373095221227
0.1400000000000009	-1.005303167273217	1.3251145603619705	0.31981139308875356	1.3251145603619705	0.6331513673787811
0.14500000000000035	-0.9979883459400013	1.3177996884463363	0.31981134250633503	1.3177996884463363	0.6306677455707435
0.1499999999999998	-0.9867781321437523	1.306589462059843	0.31981132991609074	1.306589462059843	0.6262999768424404
0.15499999999999925	-0.9712379075351021	1.291049250630578	0.319811343095476	1.291049250630578	0.6198904071265134
0.1599999999999987	-0.9512293992073546	1.2710407405107176	0.31981134130336286	1.2710407405107176	0.6108601666867371
0.16499999999999815	-0.9270806861095057	1.2468920581261635	0.31981137201665805	1.2468920581261635	0.6015467614570198
0.1699999999999976	-0.8997269097028401	1.2195383367627626	0.3198114270599224	1.2195383367627626	0.5900056401503722
0.17499999999999705	-0.8707225598656307	1.190534026267609	0.31981146640197805	1.190534026267609	0.5795919633805581
0.1799999999999965	-0.8420749792080683	1.1618865024481821	0.31981152324011375	1.1618865024481821	0.5652634477375336
0.18499999999999595	-0.8158864937617123	1.135698031358934	0.31981153759722175	1.135698031358934	0.5516444509128648
0.1899999999999954	-0.7939215118860099	1.1137330642740055	0.31981155238799575	1.1137330642740055	0.5396551786893806
0.19499999999999484	-0.7773001434231965	1.0971116964179306	0.3198115529947341	1.0971116964179306	0.5321836882279612
0.1999999999999943	-0.7664242402535985	1.086235782820463	0.3198115425668645	1.086235782820463	0.5271897789156308
0.20499999999999374	-0.7611012658076883	1.0809127981787896	0.3198115323711013	1.0809127981787896	0.5274747761317512
0.2099999999999932	-0.7607333045047957	1.0805448059622476	0.31981150145745174	1.0805448059622476	0.5280234393135779
0.21499999999999264	-0.7644864259216733	1.0842978897813043	0.3198114638596309	1.0842978897813043	0.5270102654196255
0.2199999999999921	-0.7714485707661326	1.0912600199194977	0.319811449153365	1.0912600199194977	0.5312263368401198
0.22499999999999154	-0.7807634013133137	1.1005748466770944	0.3198114453637808	1.1005748466770944	0.5320725401412065
0.229999999999991	-0.7917694991863838	1.111580924626182	0.3198114254397983	1.111580924626182	0.5406537269783818
0.23499999999999044	-0.8041090242228592	1.1239204579953341	0.3198114337724749	1.1239204579953341	0.5445416859435691
0.2399999999999899	-0.8177776590020582	1.1375891109786813	0.31981145197662314	1.1375891109786813	0.5505090137536371
0.24499999999998934	-0.8330259283072158	1.1528374089491924	0.3198114806419767	1.1528374089491924	0.5564419446606194
0.2499999999999888	-0.8501322340377349	1.1699437336794707	0.31981149964173594	1.1699437336794707	0.561238245136966
0.25499999999998824	-0.8691244545497723	1.1889359487671822	0.31981149421740995	1.1889359487671822	0.5712421219678097
0.2599999999999877	-0.8895973367640124	1.2094088183760883	0.31981148161207584	1.2094088183760883	0.5807763520833508
0.26499999999998713	-0.9107252483710719	1.2305367037956236	0.3198114554245517	1.2305367037956236	0.5861799236321589
0.2699999999999866	-0.9314401570870894	1.2512515951333412	0.3198114380462519	1.2512515951333412	0.5954070520349324
0.27499999999998603	-0.9506796221234824	1.2704910532581832	0.31981143113470084	1.2704910532581832	0.6052341112258547
0.2799999999999855	-0.9676145296900417	1.2874259557548393	0.3198114260647976	1.2874259557548393	0.6121730485184153
0.28499999999998493	-0.981781170754711	1.3015925968704571	0.319811426115746	1.3015925968704571	0.6178661259459062
0.2899999999999844	-0.9931344928860821	1.3129459277940854	0.31981143490800323	1.3129459277940854	0.6225709486842441
0.29499999999998383	-1.002011489724129	1.3218229613465586	0.3198114716224296	1.3218229613465586	0.626699755457172
0.2999999999999833	-1.008995774639197	1.3288072673409295	0.3198114927017323	1.3288072673409295	0.630252697611133
0.30499999999998273	-1.0147154026355332	1.3345268862367845	0.31981148360125145	1.3345268862367845	0.6336654771870692
0.3099999999999822	-1.0196027408556187	1.3394142320495535	0.31981149119393476	1.3394142320495535	0.6357257830653825
0.31499999999998163	-1.02373074987709	1.3435422424324583	0.3198114925553682	1.3435422424324583	0.6371776637369823
0.3199999999999811	-1.026818192086864	1.3466296623283591	0.3198114702414951	1.3466296623283591	0.6375258257465312
0.3249999999999805	-1.028423815494892	1.3482352738520766	0.31981145835718466	1.3482352738520766	0.634787197479601
0.32999999999998	-1.0282411147340158	1.3480525734017448	0.3198114586677289	1.3480525734017448	0.6332077666292175
0.3349999999999794	-1.0263789655583528	1.346190433010409	0.3198114674520562	1.346190433010409	0.6313233606204858
0.3399999999999789	-1.023466350337163	1.3432778321838732	0.31981148184671	1.3432778321838732	0.6283141499077651
0.3449999999999783	-1.0205028785898331	1.3403143897453917	0.3198115111555587	1.3403143897453917	0.624290878075804
0.3499999999999778	-1.0184978126526056	1.3383093379377222	0.3198115252851167	1.3383093379377222	0.623805241347539
0.3549999999999772	-1.0180136619953009	1.3378251873826015	0.31981152538730057	1.3378251873826015	0.6273819460597637
0.35999999999997667	-1.0188240440052718	1.338635525127328	0.3198114811220563	1.338635525127328	0.6287460570347114
0.3649999999999761	-1.0198442581494802	1.3396556983476287	0.3198114401981485	1.3396556983476287	0.6306062996554419
0.36999999999997557	-1.0194215190097078	1.3392328984166806	0.3198113794069728	1.3392328984166806	0.6352718211177706
0.374999999999975	-1.0158668208086759	1.335678167560747	0.3198113467520712	1.335678167560747	0.6366939953579799
0.37999999999997447	-1.0080706068933112	1.327881937449587	0.3198113305562758	1.327881937449587	0.6361188329372756
0.3849999999999739	-0.9959429642607053	1.3157543192130654	0.3198113549523602	1.3157543192130654	0.6334672894286177
0.38999999999997337	-0.9804524039580059	1.3002638015469938	0.3198113975889879	1.3002638015469938	0.6297336698758965
0.3949999999999728	-0.9633203443854421	1.283131788865413	0.31981144447997084	1.283131788865413	0.6238598379111835
0.39999999999997227	-0.9467992747388294	1.2666107849163175	0.31981151017748816	1.2666107849163175	0.6184806360869198
0.4049999999999717	-0.9337170689765841	1.2535286690270637	0.3198116000504797	1.2535286690270637	0.6147141407161606
0.40999999999997117	-0.9272223307060752	1.2470339936426575	0.3198116629365825	1.2470339936426575	0.6100773493544568
0.4149999999999706	-0.9295731655550828	1.2493848408044994	0.31981167524941656	1.2493848408044994	0.6133361526732714
0.41999999999997006	-0.9404897954535849	1.2603013584225453	0.31981156296896046	1.2603013584225453	0.6175997641073919
0.4249999999999695	-0.9566430596541886	1.2764545073874725	0.3198114477332838	1.2764545073874725	0.6255397378097898
0.42999999999996896	-0.9730840022672004	1.292895350707718	0.3198113484405178	1.292895350707718	0.6325006557403541
0.4349999999999684	-0.9855681463110558	1.3053794483285677	0.31981130201751184	1.3053794483285677	0.6367854386974625
0.43999999999996786	-0.9920835923366353	1.3118949141797196	0.31981132184308436	1.3118949141797196	0.6377109229113755
0.4449999999999673	-0.992937999989222	1.3127493658631848	0.3198113658739628	1.3127493658631848	0.6385337777784063
0.44999999999996676	-0.989868705538611	1.3096801424515916	0.31981143691298075	1.3096801424515916	0.6358877063289223
0.4549999999999662	-0.9849405241619074	1.3047520066932565	0.31981148253134917	1.3047520066932565	0.6334392735773614
0.45999999999996566	-0.9797420340517478	1.2995535371983613	0.3198115031466135	1.2995535371983613	0.6291628157985999
0.4649999999999651	-0.9750311727315396	1.2948426852564388	0.3198115125248991	1.2948426852564388	0.6268723011952541
0.46999999999996456	-0.9708000143460243	1.2906115152505233	0.31981150090449917	1.2906115152505233	0.6231505934093108
0.474999999999964	-0.9665484081305429	1.2863598909690388	0.31981148283849575	1.2863598909690388	0.6223310648521038
0.47999999999996346	-0.9616721682972291	1.2814836391692668	0.31981147087203765	1.2814836391692668	0.6188521327986257
0.4849999999999629	-0.9558821716145638	1.2756936596247777	0.3198114880102139	1.2756936596247777	0.6156264559928163
0.48999999999996235	-0.9496197002542281	1.269431216985882	0.3198115167316537	1.269431216985882	0.6112141341876485
0.4949999999999618	-0.9442783234597805	1.2640898943662695	0.31981157090648904	1.2640898943662695	0.6084897044246264
0.49999999999996125	-0.9419201209517449	1.261731741389037	0.3198116204372921	1.261731741389037	0.6063159140614186
0.5049999999999607	-0.9443508611551127	1.2641624644041567	0.31981160324904395	1.2641624644041567	0.6034133650567634
0.5099999999999602	-0.9519178064447843	1.2717293535608087	0.31981154711602455	1.2717293535608087	0.6073316120647496
0.5149999999999596	-0.9629058093222105	1.2827172729444316	0.3198114636222212	1.2827172729444316	0.6130057999846109
0.519999999999959	-0.9741089752871853	1.2939203319764057	0.3198113566892202	1.2939203319764057	0.6191833546578513
0.5249999999999585	-0.9821848654011803	1.3019961785080056	0.31981131310682526	1.3019961785080056	0.6239581027216576
0.529999999999958	-0.984850489046673	1.3046618182173324	0.31981132917065935	1.3046618182173324	0.6254974110997028
0.5349999999999574	-0.981344507572847	1.3011558540011996	0.31981134642835257	1.3011558540011996	0.6244458599977337
0.5399999999999568	-0.9723051340421969	1.2921165236910332	0.31981138964883626	1.2921165236910332	0.6195477954296374
0.5449999999999563	-0.9594038032053577	1.2792152550535996	0.319811451848242	1.2792152550535996	0.6147493468424926
0.5499999999999557	-0.9449541237771893	1.2647656341442939	0.3198115103671046	1.2647656341442939	0.6108312270864162
0.5549999999999552	-0.9314976697429286	1.251309228142224	0.3198115583992954	1.251309228142224	0.6053884376005879
0.5599999999999546	-0.921530219663477	1.2413418425535605	0.3198116228900835	1.2413418425535605	0.6014589064384418
0.5649999999999541	-0.9176323525215097	1.237444012343682	0.31981165982217236	1.237444012343682	0.6029976502873772
0.5699999999999535	-0.9225609223876364	1.242372636998894	0.3198117146112577	1.242372636998894	0.6054167676871722
0.574999999999953	-0.9382070478710384	1.258018748436366	0.31981170056532776	1.258018748436366	0.6110510280914575
0.5799999999999524	-0.9636286573590724	1.2834402499258624	0.3198115925667899	1.2834402499258624	0.621089075674597
0.5849999999999519	-0.9945394869862898	1.314350947316738	0.3198114603304484	1.314350947316738	0.632022528073018
0.5899999999999513	-1.025406435454048	1.3452177988852085	0.3198113634311605	1.3452177988852085	0.6436675241217495
0.5949999999999508	-1.0520858032280145	1.3718971477345665	0.3198113445065519	1.3718971477345665	0.654334897735311
0.5999999999999502	-1.0728449146186605	1.3926562797254516	0.3198113651067912	1.3926562797254516	0.6609795218201583
0.6049999999999497	-1.087885769461951	1.4076971580069946	0.31981138854504365	1.4076971580069946	0.6663877234845379
0.6099999999999491	-1.0984184170752096	1.4182298595464349	0.3198114424712253	1.4182298595464349	0.670617263827835
0.6149999999999486	-1.1059610966280227	1.425772596748858	0.3198115001208353	1.425772596748858	0.67209696859807
0.619999999999948	-1.1119284305632064	1.4317399670309983	0.31981153646779165	1.4317399670309983	0.6749744078859972
0.6249999999999475	-1.11744500082384	1.4372565620224	0.3198115611985601	1.4372565620224	0.677572513095032
0.6299999999999469	-1.1232708376940124	1.4430824061975867	0.31981156850357434	1.4430824061975867	0.677305360516393
0.6349999999999464	-1.1297608058473334	1.449572382766137	0.3198115769188037	1.449572382766137	0.6799533445673454
0.6399999999999458	-1.1368603298262305	1.4566719124914667	0.31981158266523624	1.4566719124914667	0.6837587489884346
0.6449999999999453	-1.144160549843866	1.4639721306080495	0.31981158076418337	1.4639721306080495	0.6863756809786636
0.6499999999999447	-1.1510081316392913	1.4708197225058626	0.3198115908665713	1.4708197225058626	0.6901266898746172
0.6549999999999442	-1.1566391941788012	1.476450767252207	0.3198115730734057	1.476450767252207	0.692251445005007
0.6599999999999436	-1.160327992911164	1.480139541240418	0.31981154832925385	1.480139541240418	0.6945747925599325
0.6649999999999431	-1.1614791740914052	1.4812907032303244	0.319811529138919	1.4812907032303244	0.695617778143896
0.6699999999999425	-1.1596710257859875	1.479482555823177	0.3198115300371896	1.479482555823177	0.6947529254637117
0.674999999999942	-1.1546831190777456	1.4744946255482427	0.31981150647049716	1.4744946255482427	0.6945759776133376
0.6799999999999414	-1.1465016626082756	1.4663131853835825	0.31981152277530683	1.4663131853835825	0.6921333092482236
0.6849999999999409	-1.1353663124225628	1.4551778710707555	0.31981155864819255	1.4551778710707555	0.6873784342005346
0.6899999999999403	-1.1218294321527729	1.4416410029709796	0.3198115708182068	1.4416410029709796	0.6799843983906877
0.6949999999999398	-1.1067793566038575	1.4265909475258136	0.3198115909219561	1.4265909475258136	0.6729513751016889
0.6999999999999392	-1.0913186893488669	1.4111303200782523	0.31981163072938545	1.4111303200782523	0.6697144441865859
0.7049999999999387	-1.076473982992858	1.3962856086949988	0.31981162570214094	1.3962856086949988	0.661791690547517
0.7099999999999381	-1.0628933567323056	1.3827049635261335	0.319811606793828	1.3827049635261335	0.6560937381371715
0.7149999999999376	-1.0507783046005585	1.3705899107009107	0.3198116061003522	1.3705899107009107	0.6517919465825136
0.719999999999937	-1.0401422785902765	1.359953886373551	0.31981160778327433	1.359953886373551	0.6473384768756191
0.7249999999999365	-1.0312463449942029	1.3510579637486821	0.3198116187544794	1.3510579637486821	0.6431409474556589
0.7299999999999359	-1.0248744139063237	1.3446860690064748	0.319811655100151	1.3446860690064748	0.6394847835271292
0.7349999999999354	-1.0222046863513712	1.3420163731423995	0.31981168679102834	1.3420163731423995	0.6388622806734232
0.7399999999999348	-1.024288451817361	1.344100149878099	0.31981169806073795	1.344100149878099	0.6385624536643284
0.7449999999999343	-1.0314487685859057	1.3512604458789932	0.31981167729308735	1.3512604458789932	0.641069786066395
0.7499999999999337	-1.042990563852917	1.3628022011387777	0.3198116372858604	1.3628022011387777	0.645598672345328
0.7549999999999332	-1.0574322036269481	1.377243777209705	0.3198115735827568	1.377243777209705	0.6524031107628434
0.7599999999999326	-1.073064016256652	1.392875558732845	0.31981154247619303	1.392875558732845	0.6592648161121027
0.7649999999999321	-1.08850495358505	1.40831649461103	0.31981154102598014	1.40831649461103	0.6666405996781947
0.7699999999999315	-1.1029841932368327	1.4227957307140118	0.3198115374771791	1.4227957307140118	0.6734178936268229
0.774999999999931	-1.1162923652131258	1.4361039124588229	0.31981154724569705	1.4361039124588229	0.6826249040626139
0.7799999999999304	-1.1285179228231441	1.448329484313814	0.31981156149066975	1.448329484313814	0.6885861303560938
0.7849999999999299	-1.1397191870322787	1.4595307436267957	0.3198115565945169	1.4595307436267957	0.6930749656165351
0.7899999999999293	-1.1497041151848508	1.4695156501049522	0.3198115349201012	1.4695156501049522	0.6987513870684585
0.7949999999999288	-1.1579845527086403	1.4777960680856077	0.31981151537696734	1.4777960680856077	0.7025823042030583
0.7999999999999282	-1.1638789299739773	1.4836904232054922	0.319811493231515	1.4836904232054922	0.7058944287575637
0.8049999999999277	-1.1666622935298485	1.4864737689107772	0.3198114753809287	1.4864737689107772	0.7074671365113908
0.8099999999999271	-1.1657023969432638	1.4855138826985153	0.3198114857552514	1.4855138826985153	0.7084494808376195
0.8149999999999266	-1.160571404305393	1.4803828625426108	0.31981145823721774	1.4803828625426108	0.7084853057037882
0.819999999999926	-1.1511420701692896	1.4709535241278013	0.31981145395851174	1.4709535241278013	0.7049923609984752
0.8249999999999255	-1.1377229913668356	1.4575344538072834	0.3198114624404478	1.4575344538072834	0.6965895805579034
0.8299999999999249	-1.1211640249514359	1.4409755597528646	0.31981153480142893	1.4409755597528646	0.6895748186183641
0.8349999999999244	-1.1028735490353774	1.422685115386987	0.31981156635160957	1.422685115386987	0.6799647449543863
0.8399999999999238	-1.0846306396837848	1.4044422442896962	0.3198116046059114	1.4044422442896962	0.6714346997724465
0.8449999999999233	-1.0681416790020648	1.3879533061362421	0.31981162713417716	1.3879533061362421	0.6645425035825588
0.8499999999999227	-1.054469413484109	1.374281055697712	0.31981164221360314	1.374281055697712	0.6617987281630184
0.8549999999999222	-1.0436906945095796	1.3635023236577746	0.31981162914819494	1.3635023236577746	0.6574506635389876
0.8599999999999216	-1.0351224132375956	1.3549340250998296	0.3198116118622339	1.3549340250998296	0.6545946016441619
0.864999999999921	-1.0280681367516364	1.347879735858859	0.3198115991072227	1.347879735858859	0.6518540041553038
0.8699999999999205	-1.0224998626797552	1.342311458058673	0.3198115953789177	1.342311458058673	0.6518546134071069
0.87499999999992	-1.019059596249601	1.3388711970838878	0.3198116008342868	1.3388711970838878	0.6508083546925204
0.8799999999999194	-1.0182195025765588	1.3380310833897788	0.3198115808132201	1.3380310833897788	0.6521902156665484
0.8849999999999189	-1.019311883602601	1.3391234104094385	0.3198115268068376	1.3391234104094385	0.6535075885329208
0.8899999999999183	-1.0204742637965132	1.3402857153630179	0.31981145156650487	1.3402857153630179	0.6554084631084971
0.8949999999999178	-1.0197912042254575	1.3396026233153178	0.31981141908986016	1.3396026233153178	0.6552089252008543
0.8999999999999172	-1.0168786292631713	1.3366901112025125	0.31981148193934106	1.3366901112025125	0.6546298200591516
0.9049999999999166	-1.0138621394994278	1.3336737221633816	0.3198115826639538	1.3336737221633816	0.6530574827604326
0.9099999999999161	-1.0148773207451982	1.3346890318273958	0.3198117110821975	1.3346890318273958	0.6504931109191919
0.9149999999999155	-1.0237889976388597	1.3436007435636352	0.31981174592477557	1.3436007435636352	0.6533292483619146
0.919999999999915	-1.0413495412909919	1.3611612079531539	0.319811666662162	1.3611612079531539	0.6603635974153111
0.9249999999999144	-1.064468570590661	1.384280109344202	0.3198115387535411	1.384280109344202	0.6694421654046934
0.9299999999999139	-1.088458397633959	1.4082698685863742	0.31981147095241513	1.4082698685863742	0.6801661443841222
0.9349999999999133	-1.1097292984124432	1.429540742038589	0.319811443626146	1.429540742038589	0.6869867331479002
0.9399999999999128	-1.1266511022163201	1.4464625505795317	0.3198114483632115	1.4464625505795317	0.6933629192723898
0.9449999999999122	-1.1388193580042953	1.4586308120021407	0.3198114539978454	1.4586308120021407	0.6984596689214513
0.9499999999999117	-1.1460629146594874	1.4658743590531582	0.319811444393671	1.4658743590531582	0.7013567835277132
0.9549999999999111	-1.1479896853972404	1.467801100766925	0.3198114153696845	1.467801100766925	0.7018503678580438
0.9599999999999106	-1.144173701650646	1.463985100729638	0.31981139907899203	1.463985100729638	0.699446363152375
0.96499999999991	-1.1347202980391102	1.454531721105992	0.3198114230668818	1.454531721105992	0.6988449948328617
0.9699999999999095	-1.1208089794167204	1.4406204525063984	0.31981147308967806	1.4406204525063984	0.6930080601139119
0.9749999999999089	-1.1046763600181235	1.4244878810738189	0.3198115210556953	1.4244878810738189	0.6871188167339266
0.9799999999999084	-1.0888249367652814	1.4086365059844457	0.3198115692191642	1.4086365059844457	0.6824509419640157
0.9849999999999078	-1.0749875701365488	1.3947991440676923	0.31981157393114373	1.3947991440676923	0.6755559308066388
0.9899999999999073	-1.0638605701702266	1.3836721601213064	0.3198115899510799	1.3836721601213064	0.6670968185613331
0.9949999999999067	-1.0557507418519814	1.3755623461933353	0.319811604341354	1.3755623461933353	0.663013782387142
0.9999999999999062	-1.0511728126600859	1.3709844421810033	0.31981162952091735	1.3709844421810033	0.6624453148917377
1.0049999999999057	-1.0507389702619376	1.3705506206176576	0.31981165035572007	1.3705506206176576	0.6645210097507007
1.0099999999999052	-1.0545982772531328	1.374409908408154	0.31981163115502115	1.374409908408154	0.6633061389012145
1.0149999999999046	-1.0620141766257347	1.3818257857273704	0.3198116091016358	1.3818257857273704	0.6648351700852154
1.019999999999904	-1.0714136233564067	1.3912251908039037	0.31981156744749695	1.3912251908039037	0.6616553958510352
1.0249999999999035	-1.0808571956365278	1.4006686999171438	0.3198115042806161	1.4006686999171438	0.6654125535658513
1.029999999999903	-1.0886211658458833	1.408432625264533	0.3198114594186495	1.408432625264533	0.6688689531500539
1.0349999999999024	-1.093654600356051	1.4134660661553846	0.31981146579933367	1.4134660661553846	0.6693178183208467
1.039999999999902	-1.0957895677894678	1.415601066710224	0.3198114989207562	1.415601066710224	0.6710217324854578
1.0449999999999013	-1.0957220456868577	1.4155335893246426	0.31981154363778475	1.4155335893246426	0.6709471066943394
1.0499999999999008	-1.094789590695213	1.4146011677769397	0.31981157708172675	1.4146011677769397	0.6712281284507723
1.0549999999999002	-1.094530247297442	1.4143418563887993	0.31981160909135736	1.4143418563887993	0.6666690922697671
1.0599999999998997	-1.0961160710237097	1.41592768339646	0.3198116123727503	1.41592768339646	0.6674019889988485
1.0649999999998991	-1.0998891899795098	1.419700777388157	0.319811587408647	1.419700777388157	0.6702082493414953
1.0699999999998986	-1.1052285815060907	1.4250401360805214	0.3198115545744305	1.4250401360805214	0.6727036121121102
1.074999999999898	-1.1108493231000995	1.4306608430304755	0.3198115199303759	1.4306608430304755	0.6749333575485518
1.0799999999998975	-1.1153591546966073	1.4351706625008924	0.3198115078042851	1.4351706625008924	0.6761786217791882
1.084999999999897	-1.117804813666413	1.4376163203345849	0.319811506668172	1.4376163203345849	0.676215801286241
1.0899999999998964	-1.1179673326531607	1.4377788533419258	0.31981152068876495	1.4377788533419258	0.6780783995113959
1.0949999999998958	-1.1163723069233453	1.436183855933121	0.3198115490097756	1.436183855933121	0.6732571821500637
1.0999999999998953	-1.1140917974899538	1.4339033909379304	0.3198115934479766	1.4339033909379304	0.6710733203257635
1.1049999999998947	-1.112406960782442	1.4322185671843477	0.31981160640190553	1.4322185671843477	0.6695905092636526
1.1099999999998942	-1.1124288167949765	1.4322404458964437	0.3198116291014671	1.4322404458964437	0.6701067666866644
1.1149999999998936	-1.114794727351782	1.434606345062146	0.3198116177103641	1.434606345062146	0.6696615330849912
1.119999999999893	-1.119563170512047	1.4393747877232403	0.31981161721119333	1.4393747877232403	0.6729604795704491
1.1249999999998925	-1.1263627726754393	1.4461743879857898	0.31981161531035057	1.4461743879857898	0.6773319502161641
1.129999999999892	-1.134678074407232	1.4544896848968336	0.31981161048960144	1.4544896848968336	0.6829188500959202
1.1349999999998914	-1.1440775899799598	1.4638891981551112	0.3198116081751515	1.4638891981551112	0.6889903285674083
1.1399999999998909	-1.1542314470507558	1.474043044771863	0.31981159772110745	1.474043044771863	0.6947968904575339
1.1449999999998903	-1.1647102358363763	1.484521813746439	0.3198115779100628	1.484521813746439	0.7050587389126616
1.1499999999998898	-1.1747093559415354	1.4945209006089721	0.3198115446674368	1.4945209006089721	0.7124885808983982
1.1549999999998892	-1.1829300614680387	1.5027415749469117	0.31981151347887293	1.5027415749469117	0.7192209641587837
1.1599999999998887	-1.1877885227243774	1.5075999951748753	0.31981147245049796	1.5075999951748753	0.7248768503200558
1.1649999999998881	-1.1880228369258155	1.5078343074581417	0.31981147053232617	1.5078343074581417	0.7267239433028142
1.1699999999998876	-1.1837086586447056	1.5035201961306541	0.3198115374859485	1.5035201961306541	0.7298034836428257
1.174999999999887	-1.1773257509708455	1.497137427447484	0.31981167647663855	1.497137427447484	0.7315616534197618
1.1799999999998865	-1.1736601414549257	1.4934719425555203	0.3198118011005947	1.4934719425555203	0.7328563796851111
1.184999999999886	-1.1771894598789525	1.497001273160661	0.3198118132817085	1.497001273160661	0.7348559936819549
1.1899999999998854	-1.188213708473568	1.508025402651067	0.3198116941774991	1.508025402651067	0.7370987764919881
1.1949999999998848	-1.2019316955801833	1.5217432196491263	0.319811524068943	1.5217432196491263	0.7386156866143604
1.1999999999998843	-1.211654771427847	1.5314661868612405	0.3198114154333935	1.5314661868612405	0.7374250593540591
1.2049999999998837	-1.2124236881025408	1.5322350709228274	0.31981138282028665	1.5322350709228274	0.7321193771885554
1.2099999999998832	-1.202441104564472	1.522252512131389	0.3198114075669169	1.522252512131389	0.7230815201761878
1.2149999999998826	-1.1831203769483816	1.5029319008434165	0.3198115238950349	1.5029319008434165	0.709598071306574
1.219999999999882	-1.158821667130707	1.4786333523159056	0.31981168518519854	1.4786333523159056	0.6947962288984553
1.2249999999998815	-1.1356638641689782	1.4554756705422518	0.3198118063732734	1.4554756705422518	0.6816580956233077
1.229999999999881	-1.1186965550964423	1.438508379484005	0.3198118243875628	1.438508379484005	0.672668996344472
1.2349999999998804	-1.1093044022625975	1.4291161812517033	0.31981177898910557	1.4291161812517033	0.6689045264771574
1.2399999999998799	-1.1056357626250615	1.4254474759345535	0.3198117133094921	1.4254474759345535	0.668891619008211
1.2449999999998793	-1.1051551220572557	1.4249668095614811	0.3198116875042253	1.4249668095614811	0.6704665472147666
1.2499999999998788	-1.10623537259518	1.4260470489372359	0.31981167634205593	1.4260470489372359	0.6720484789608488
1.2549999999998782	-1.1080311930519264	1.4278428173507454	0.31981162429881893	1.4278428173507454	0.6742202585827
1.2599999999998777	-1.1099736301992154	1.429785244697862	0.3198116144986467	1.429785244697862	0.6768113652010228
1.2649999999998771	-1.111640926320819	1.4314525643205949	0.31981163799977597	1.4314525643205949	0.6785642906403725
1.2699999999998766	-1.1127552008374146	1.432566838502284	0.3198116376648693	1.432566838502284	0.6798645483942509
1.274999999999876	-1.1130399830762658	1.4328516085740999	0.31981162549783393	1.4328516085740999	0.6806698441799129
1.2799999999998755	-1.112079467787882	1.431891094271611	0.319811626483729	1.431891094271611	0.6817071346405109
1.284999999999875	-1.109324018585263	1.4291356133603332	0.31981159477507004	1.4291356133603332	0.6827950868710916
1.2899999999998744	-1.1042251445620679	1.4240367351762742	0.3198115906142063	1.4240367351762742	0.6819263033345209
1.2949999999998738	-1.0964005761630944	1.4162121621324186	0.3198115859693243	1.4162121621324186	0.680904928331008
1.2999999999998733	-1.0857558998642696	1.4055674941786915	0.31981159431442197	1.4055674941786915	0.6780795600978056
1.3049999999998727	-1.0725675870803826	1.3923791863850141	0.31981159930463166	1.3923791863850141	0.6725939183947854
1.3099999999998722	-1.057517153356934	1.37732875263401	0.31981159927707564	1.37732875263401	0.6654713180356727
1.3149999999998716	-1.0416641430465494	1.3614757731533929	0.31981163010684327	1.3614757731533929	0.6579233596299815
1.319999999999871	-1.0263484887097314	1.3461601777109218	0.3198116890011903	1.3461601777109218	0.6512088588140478
1.3249999999998705	-1.013013856435001	1.3328255720040416	0.31981171556904076	1.3328255720040416	0.6449662303683033
1.32999999999987	-1.002967602032867	1.3227793478766237	0.31981174584375666	1.3227793478766237	0.641027952813283
1.3349999999998694	-0.9971564406776197	1.3169681801247848	0.319811739447165	1.3169681801247848	0.6385388068726887
1.3399999999998689	-0.9959772853380254	1.3157890168909099	0.3198117315528846	1.3157890168909099	0.6375874827976948
1.3449999999998683	-0.9991765179726739	1.3189882270780797	0.3198117091054057	1.3189882270780797	0.637152512966213
1.3499999999998678	-1.0058769479932936	1.3256886235006786	0.31981167550738504	1.3256886235006786	0.6401051731878058
1.3549999999998672	-1.0147594169410834	1.3345710505279262	0.31981163358684284	1.3345710505279262	0.6401157703835981
1.3599999999998666	-1.0243912667411548	1.3442028683760665	0.3198116016349117	1.3442028683760665	0.6442344853860151
1.364999999999866	-1.0336657377521792	1.353477361110913	0.3198116233587339	1.353477361110913	0.6457755098147804
1.3699999999998655	-1.0422887715753684	1.3621004374621988	0.31981166588683024	1.3621004374621988	0.6494549549431353
1.374999999999865	-1.0511099075172208	1.3709216405293714	0.31981173301215066	1.3709216405293714	0.6526670442780159
1.3799999999998644	-1.0620465957295944	1.381858385795087	0.31981179006549254	1.381858385795087	0.6576172369948539
1.384999999999864	-1.0773398130330805	1.3971516471063503	0.31981183407326996	1.3971516471063503	0.6653746508626043
1.3899999999998633	-1.0983532188573057	1.4181650364440315	0.3198118175867259	1.4181650364440315	0.6762187172340047
1.3949999999998628	-1.124610013911604	1.4444217880783423	0.3198117741667383	1.4444217880783423	0.6882218964037248
1.3999999999998622	-1.153784195797877	1.473595877148427	0.31981168135055	1.473595877148427	0.7030628242906186
1.4049999999998617	-1.1826501147522686	1.5024617530495459	0.3198116382972773	1.5024617530495459	0.7182338187462517
1.4099999999998611	-1.2082633599726653	1.528074958826707	0.3198115988540417	1.528074958826707	0.7313455637205397
1.4149999999998606	-1.228703965082435	1.54851556341297	0.31981159833053496	1.54851556341297	0.7428679922492459
1.41999999999986	-1.2431979772551416	1.5630096119617845	0.31981163470664287	1.5630096119617845	0.7504817620891919
1.4249999999998595	-1.2518535557529327	1.571665238234509	0.31981168248157643	1.571665238234509	0.7585875406231417
1.429999999999859	-1.2552604244061099	1.575072123791604	0.31981169938549425	1.575072123791604	0.7618469676036639
1.4349999999998584	-1.2541713398911387	1.5739830513184527	0.31981171142731385	1.5739830513184527	0.763687123184796
1.4399999999998578	-1.2492815678710913	1.5690933205937905	0.31981175272269907	1.5690933205937905	0.7627414410373712
1.4449999999998573	-1.2411203744606798	1.5609320904142907	0.319811715953611	1.5609320904142907	0.7605393822436606
1.4499999999998567	-1.230025454515972	1.5498371641463908	0.3198117096304188	1.5498371641463908	0.7565787553266263
1.4549999999998562	-1.216184334937343	1.535996040567435	0.31981170563009215	1.535996040567435	0.751698902187158
1.4599999999998556	-1.1997022762443457	1.5195139779204845	0.319811701676139	1.5195139779204845	0.745375979304503
1.464999999999855	-1.180693397811382	1.5005050820598547	0.31981168424847267	1.5005050820598547	0.7385792817221696
1.4699999999998545	-1.1592963328620889	1.479107999184189	0.3198116663220999	1.479107999184189	0.72958543546525
1.474999999999854	-1.1356349269500488	1.4554465566371542	0.31981162968710547	1.4554465566371542	0.7190372271276085
1.4799999999998534	-1.1098044202577584	1.4296160239947335	0.31981160373697504	1.4296160239947335	0.7070339505884647
1.4849999999998529	-1.0821739298087067	1.4019855140989896	0.31981158429028267	1.4019855140989896	0.6937477075123175
1.4899999999998523	-1.05415971021215	1.3739713772064945	0.3198116669943444	1.3739713772064945	0.6811677451648306
1.4949999999998518	-1.0291180169972771	1.34892981951092	0.3198118025136428	1.34892981951092	0.6743250105424976
1.4999999999998512	-1.0122309173739616	1.3320428551590515	0.3198119377850898	1.3320428551590515	0.6659722252734931
1.5049999999998507	-1.0084772926107333	1.328289248316877	0.3198119557061436	1.328289248316877	0.6616212447912155
1.5099999999998501	-1.0196047167745899	1.3394165975951555	0.3198118808205656	1.3394165975951555	0.66335777251809
1.5149999999998496	-1.0426455133805512	1.3624572318098318	0.3198117184292808	1.3624572318098318	0.6748926580881993
1.519999999999849	-1.071450912851694	1.3912624764454593	0.3198115635937654	1.3912624764454593	0.6825417812676388
1.5249999999998485	-1.099670912134294	1.4194823787509185	0.3198114666166245	1.4194823787509185	0.6900804774579071
1.529999999999848	-1.122876539411836	1.442687981379262	0.3198114419674258	1.442687981379262	0.6955213572041151
1.5349999999998474	-1.139021330617517	1.458832767493404	0.31981143687588715	1.458832767493404	0.6958523217350793
1.5399999999998468	-1.1478247585193833	1.4676362282186022	0.3198114696992189	1.4676362282186022	0.6979165050042478
1.5449999999998463	-1.1499078434790788	1.4697193378079099	0.3198114943288309	1.4697193378079099	0.6965903375426495
1.5499999999998457	-1.1461148095487637	1.4659263256387456	0.31981151608998204	1.4659263256387456	0.693224055525812
1.5549999999998452	-1.1372068042149024	1.457018345651839	0.31981154143693674	1.457018345651839	0.688649792897478
1.5599999999998446	-1.1239056084958237	1.4437171527706363	0.31981154427481256	1.4437171527706363	0.6825944053559659
1.564999999999844	-1.1071764163803894	1.426987983571294	0.3198115671909045	1.426987983571294	0.6747707988715922
1.5699999999998435	-1.0886306300018007	1.4084422536300272	0.31981162362822657	1.4084422536300272	0.6661208246294558
1.574999999999843	-1.0708290905942313	1.3906407820391453	0.31981169144491406	1.3906407820391453	0.658374700012361
1.5799999999998424	-1.0571192093509252	1.3769309762758326	0.31981176692490737	1.3769309762758326	0.6513052689609747
1.5849999999998419	-1.050763492706167	1.3705753037739807	0.31981181106781364	1.3705753037739807	0.6479777691414211
1.5899999999998413	-1.0535946033871058	1.3734063879961373	0.31981178460903165	1.3734063879961373	0.6505332867708229
1.5949999999998408	-1.0650555316491632	1.3848672417957828	0.3198117101466197	1.3848672417957828	0.6568527182803319
1.5999999999998402	-1.0824234133569224	1.4022350386735667	0.31981162531664437	1.4022350386735667	0.6658392597153118
1.6049999999998397	-1.1020480636912928	1.421859639604459	0.31981157591316617	1.421859639604459	0.6749402605181306
1.6099999999998391	-1.120695944021833	1.4405074739679693	0.31981152994613654	1.4405074739679693	0.6840624410731793
1.6149999999998386	-1.1362671120679428	1.456078621267932	0.31981150919998924	1.456078621267932	0.6894045900815818
1.619999999999838	-1.1478013813830055	1.4676128871582437	0.3198115057752382	1.4676128871582437	0.6991606649355918
1.6249999999998375	-1.1551181672907866	1.4749296794404925	0.31981151214970566	1.4749296794404925	0.7025534957395597
1.629999999999837	-1.1584591940401172	1.4782707109864603	0.3198115169463431	1.4782707109864603	0.7044173279814935
1.6349999999998364	-1.1583666413894598	1.4781781923294497	0.3198115509399899	1.4781781923294497	0.7046914351927502
1.6399999999998358	-1.1557998950748114	1.4756114848772213	0.3198115898024099	1.4756114848772213	0.7027739991319231
1.6449999999998353	-1.1522758892177785	1.4720875265666669	0.3198116373488885	1.4720875265666669	0.7017936580929535
1.6499999999998347	-1.1496794069588523	1.4694910944165251	0.3198116874576731	1.4694910944165251	0.7008843053083564
1.6549999999998342	-1.1496541019809237	1.4694657960961799	0.3198116941152563	1.4694657960961799	0.7007025498346292
1.6599999999998336	-1.1528767444334442	1.4726884226167158	0.31981167818327166	1.4726884226167158	0.702049930796655
1.664999999999833	-1.158710938404962	1.4785225523548748	0.3198116139499129	1.4785225523548748	0.7041963911213432
1.6699999999998325	-1.1654945579458655	1.4853061168775397	0.3198115589316741	1.4853061168775397	0.7071770502228042
1.674999999999832	-1.1711776046023805	1.490989116278372	0.31981151167599137	1.490989116278372	0.7096984486051496
1.6799999999998314	-1.1738876513276748	1.4936991181378365	0.3198114668101617	1.4936991181378365	0.711111783429247
1.6849999999998309	-1.1722894238724033	1.4921008459854546	0.31981142211305125	1.4921008459854546	0.7105818898005922
1.6899999999998303	-1.1659059250710713	1.485717363131821	0.3198114380607497	1.485717363131821	0.7075132470673682
1.6949999999998298	-1.1556776186436586	1.4754891290479544	0.3198115104042958	1.4754891290479544	0.702239812098994
1.6999999999998292	-1.1445960420867065	1.4644076573131672	0.31981161522646073	1.4644076573131672	0.6967242521939544
1.7049999999998287	-1.1374138494107116	1.4572256015651988	0.3198117521544873	1.4572256015651988	0.6936515166500936
1.709999999999828	-1.1383773938636568	1.4581891861050282	0.31981179224137163	1.4581891861050282	0.6879403537670935
1.7149999999998276	-1.148112667762767	1.4679243509905142	0.3198116832277472	1.4679243509905142	0.6922525097326335
1.719999999999827	-1.1629413783398685	1.4827529137189768	0.3198115353791083	1.4827529137189768	0.702461431994257
1.7249999999998264	-1.1775331088274386	1.4973445397234497	0.31981143089601116	1.4973445397234497	0.7134628545411401
1.729999999999826	-1.1878637924686892	1.5076752014200359	0.3198114089513466	1.5076752014200359	0.720763274412007
1.7349999999998253	-1.1922144395684753	1.5120258568442781	0.3198114172758029	1.5120258568442781	0.7239196533880374
1.7399999999998248	-1.1906667213580515	1.5104781615365925	0.3198114401785411	1.5104781615365925	0.7224701117095887
1.7449999999998242	-1.184302847229807	1.5041143605559022	0.3198115133260954	1.5041143605559022	0.719149322759014
1.7499999999998237	-1.1745990516433427	1.4944105960267908	0.319811544383448	1.4944105960267908	0.7133240426940992
1.7549999999998231	-1.1630120884495403	1.482823621593453	0.3198115331439128	1.482823621593453	0.7092311450728007
1.7599999999998226	-1.1507712692991103	1.4705828285857867	0.3198115592866765	1.4705828285857867	0.7055779136546803
1.764999999999822	-1.1388749546474883	1.4586865278076013	0.31981157316011294	1.4586865278076013	0.6985151832679208
1.7699999999998215	-1.128283910109741	1.448095508116112	0.3198115980063709	1.448095508116112	0.691474799502398
1.774999999999821	-1.1200200207784052	1.4398316445486687	0.3198116237702637	1.4398316445486687	0.6850114659647586
1.7799999999998204	-1.1149715093755033	1.434783109983573	0.31981160060806985	1.434783109983573	0.6753703505687046
1.7849999999998198	-1.1134675744406208	1.4332791430475833	0.3198115686069626	1.4332791430475833	0.6733344504633253
1.7899999999998193	-1.114957067207124	1.434768604954513	0.31981153774738885	1.434768604954513	0.6731379153344972
1.7949999999998187	-1.1181487525220883	1.4379602469378205	0.3198114944157321	1.4379602469378205	0.6757675652702421
1.7999999999998182	-1.1216539007359996	1.4414653707448892	0.31981147000888965	1.4414653707448892	0.6789956755172387
1.8049999999998176	-1.1248268054731816	1.4446382732219158	0.31981146774873426	1.4446382732219158	0.6810231749038005
1.809999999999817	-1.1282192864505645	1.448030821135591	0.31981153468502654	1.448030821135591	0.6852172869658246
1.8149999999998165	-1.1332194532100892	1.4530309783628883	0.31981152515279915	1.4530309783628883	0.6897578353290549
1.819999999999816	-1.1410218283938642	1.4608333612314568	0.31981153283759256	1.4608333612314568	0.6953630370280502
1.8249999999998154	-1.151678073295285	1.4714895786834057	0.31981150538812075	1.4714895786834057	0.7016909725447718
1.8299999999998149	-1.163955835279233	1.4837673043690194	0.3198114690897864	1.4837673043690194	0.7065775162574051
1.8349999999998143	-1.175930161219365	1.4957415989035507	0.31981143768418574	1.4957415989035507	0.712722846734135
1.8399999999998138	-1.1856575814737882	1.505468954674409	0.31981137320062103	1.505468954674409	0.7170594436244133
1.8449999999998132	-1.1915119158200373	1.5113232360907498	0.3198113202707124	1.5113232360907498	0.7209686572337201
1.8499999999998127	-1.1922801816197923	1.5120914814033732	0.31981129978358114	1.5120914814033732	0.7201653877339139
1.8549999999998121	-1.187324091528642	1.5071353959448874	0.3198113044162453	1.5071353959448874	0.7158722572304054
1.8599999999998116	-1.176940913569904	1.4967522589985591	0.3198113454286552	1.4967522589985591	0.7097246672831935
1.864999999999811	-1.1627717940555202	1.48258320982574	0.31981141577022	1.48258320982574	0.7010255113776716
1.8699999999998105	-1.1476839066579934	1.4674953921248675	0.3198114854668742	1.4674953921248675	0.6936415623816998
1.87499999999981	-1.1344551913225092	1.4542666728723483	0.3198114815498391	1.4542666728723483	0.6857808597310605
1.8799999999998094	-1.1234924932756842	1.4433038480208003	0.319811354745116	1.4433038480208003	0.6797689604594118
1.8849999999998088	-1.1114580013905278	1.4312691685972438	0.3198111672067162	1.4312691685972438	0.6718836517741962
1.8899999999998083	-1.09298074348863	1.4127917921835291	0.3198110486948991	1.4127917921835291	0.6607141033598904
1.8949999999998077	-1.0661191990521777	1.3859303947065924	0.3198111956544149	1.3859303947065924	0.6444967214344527
1.8999999999998072	-1.0388400846621655	1.35865171215652	0.31981162749435454	1.35865171215652	0.6265359983709848
1.9049999999998066	-1.0269917991380522	1.346803623340513	0.31981182420246085	1.346803623340513	0.6202204630028492
1.909999999999806	-1.0379990743803353	1.3578106085802253	0.31981153419988984	1.3578106085802253	0.6262483583598194
1.9149999999998055	-1.062037732236344	1.381848941084383	0.319811208848039	1.381848941084383	0.6409809536395807
1.919999999999805	-1.086652864029813	1.4064640669164834	0.3198112028866704	1.4064640669164834	0.6559217969754398
1.9249999999998044	-1.1093839315597762	1.429195287946195	0.3198113563864189	1.429195287946195	0.6692342690775085
1.9299999999998039	-1.133410980850858	1.453222423947428	0.3198114430965701	1.453222423947428	0.6822403871862311
1.9349999999998033	-1.1596253773825675	1.4794367906452977	0.31981141326273005	1.4794367906452977	0.6963345332415205
1.9399999999998028	-1.1855099323451346	1.5053212966988552	0.3198113643537205	1.5053212966988552	0.7092885827249058
1.9449999999998022	-1.208127950633331	1.5279392918889172	0.3198113412555864	1.5279392918889172	0.7209149255235416
1.9499999999998017	-1.225848239965466	1.5456595963123478	0.31981135634688185	1.5456595963123478	0.7249209549360534
1.9549999999998011	-1.2381149253212593	1.5579262962107763	0.319811370889517	1.5579262962107763	0.7330467662398477
1.9599999999998006	-1.2448250736946298	1.5646364644825206	0.31981139078789084	1.5646364644825206	0.7379664471050569
1.9649999999998	-1.2461285120561187	1.5659399226482407	0.3198114105921219	1.5659399226482407	0.7400750298785499
1.9699999999997995	-1.2424953692614507	1.5623067836168565	0.31981141435540594	1.5623067836168565	0.7396865649753913
1.974999999999799	-1.2348161319083684	1.5546275689095845	0.31981143700121606	1.5546275689095845	0.73714965269961
1.9799999999997984	-1.2243884184044325	1.5441998803777925	0.3198114619733602	1.5441998803777925	0.7327293794123143
1.9849999999997978	-1.2127938594171956	1.532605352814428	0.31981149339723247	1.532605352814428	0.730717553162857
1.9899999999997973	-1.2016266226270398	1.5214381458306254	0.31981152320358563	1.5214381458306254	0.726159872072589
1.9949999999997967	-1.1921812390230726	1.511992763355809	0.3198115243327362	1.511992763355809	0.722229017951808
1.9999999999997962	-1.1851784914956989	1.50499001066341	0.3198115191677111	1.50499001066341	0.7186840334721464
2.0049999999998067	-1.1806625872850502	1.5004740982685763	0.319811510983526	1.5004740982685763	0.7150507298538183
2.0099999999998173	-1.1781351059596088	1.4979465563386754	0.31981145037906655	1.4979465563386754	0.7131747703296761
2.014999999999828	-1.1768043567241933	1.4966157879926643	0.31981143126847117	1.4966157879926643	0.7114168892980841
2.0199999999998384	-1.1758544285451655	1.4956658413521096	0.31981141280694403	1.4956658413521096	0.7097825146791829
2.024999999999849	-1.1746309677614015	1.494442385261902	0.3198114175005004	1.494442385261902	0.7070692967078748
2.0299999999998595	-1.1727030090536943	1.4925144399204213	0.31981143086672703	1.4925144399204213	0.7047181829013687
2.03499999999987	-1.1698398748233787	1.4896513035771033	0.31981142875372454	1.4896513035771033	0.7019047520063216
2.0399999999998806	-1.1659883039765147	1.4857997407424577	0.31981143676594315	1.4857997407424577	0.6983565606292714
2.044999999999891	-1.1612320507262137	1.481043489363319	0.3198114386371054	1.481043489363319	0.6946109086498762
2.0499999999999017	-1.155756485968956	1.4755679059978692	0.31981142002891316	1.4755679059978692	0.6913433640747854
2.0549999999999122	-1.1498301480938222	1.4696415775098526	0.3198114294160305	1.4696415775098526	0.6883279788409599
2.059999999999923	-1.1437447620689967	1.463556193871073	0.31981143180207655	1.463556193871073	0.6860803936070535
2.0649999999999333	-1.1377523334535242	1.4575637674456428	0.3198114339921186	1.4575637674456428	0.6839539810951528
2.069999999999944	-1.1320171820649947	1.4518285869086558	0.31981140484366094	1.4518285869086558	0.6818247365928558
2.0749999999999544	-1.1265975965325625	1.4464090056652266	0.31981140913266387	1.4464090056652266	0.681046544378797
2.079999999999965	-1.12146177520535	1.4412731943791441	0.3198114191737943	1.4412731943791441	0.6801964631437284
2.0849999999999755	-1.1165494796340467	1.4363608484071617	0.319811368773115	1.4363608484071617	0.6843164751382346
2.089999999999986	-1.1118304069191753	1.4316417834010273	0.319811376481852	1.4316417834010273	0.6828567452874742
2.0949999999999966	-1.1073979444327897	1.427209323184786	0.3198113787519962	1.427209323184786	0.6831832158576685
2.100000000000007	-1.1035629203709107	1.4233742784453642	0.31981135807445343	1.4233742784453642	0.6825169710372779
2.1050000000000177	-1.1009207683954187	1.420732161480359	0.3198113930849402	1.420732161480359	0.6818874905338103
2.1100000000000283	-1.1002789505397055	1.4200903580620823	0.3198114075223769	1.4200903580620823	0.683046033789639
2.115000000000039	-1.1024317811045927	1.422243190569274	0.31981140946468145	1.422243190569274	0.6859575258227447
2.1200000000000494	-1.1078441827450691	1.4276555869645307	0.3198114042194615	1.4276555869645307	0.6891634441884519
2.12500000000006	-1.1164065012065587	1.4362178854517833	0.3198113842452247	1.4362178854517833	0.6929855225905148
2.1300000000000705	-1.1273821107894175	1.4471934581868697	0.31981134739745215	1.4471934581868697	0.6977283949284957
2.135000000000081	-1.1395605647949651	1.4593718792550285	0.31981131446006344	1.4593718792550285	0.703631049164915
2.1400000000000916	-1.1514990960371798	1.4713103744155465	0.31981127837836665	1.4713103744155465	0.7089105179734054
2.145000000000102	-1.1617661617281174	1.4815774489913938	0.3198112872632764	1.4815774489913938	0.71168086818613
2.1500000000001127	-1.169101247153121	1.4889125157156702	0.31981126856254916	1.4889125157156702	0.7145725886989465
2.1550000000001233	-1.1724966477497547	1.4923079008333762	0.3198112530836214	1.4923079008333762	0.7158104194583439
2.160000000000134	-1.171271702983002	1.4910829636632872	0.31981126068028515	1.4910829636632872	0.714922992080292
2.1650000000001444	-1.165169348545818	1.4849806109477774	0.3198112624019592	1.4849806109477774	0.7105652649264905
2.170000000000155	-1.1545135558754611	1.4743248317167674	0.3198112758413063	1.4743248317167674	0.7046605427183577
2.1750000000001655	-1.1404313183598682	1.4602426803523239	0.3198113619924557	1.4602426803523239	0.6953281411056134
2.180000000000176	-1.124943286792525	1.4447547346377345	0.3198114478452094	1.4447547346377345	0.6872449394348211
2.1850000000001866	-1.110628165552603	1.4304396870607852	0.3198115215081822	1.4304396870607852	0.6798420364676597
2.190000000000197	-1.0997428035259862	1.4195543313665249	0.3198115278405386	1.4195543313665249	0.6742308156923092
2.1950000000002077	-1.0932325489337682	1.4130440587851398	0.31981150985137163	1.4130440587851398	0.6680811098806968
2.2000000000002182	-1.0903942943249414	1.410205746865297	0.31981145254035553	1.410205746865297	0.6712157840584281
2.2050000000002288	-1.0895024146874968	1.4093138263853084	0.3198114116978117	1.4093138263853084	0.6733081178015559
2.2100000000002393	-1.0888451927008236	1.4086565948556875	0.3198114021548639	1.4086565948556875	0.672600079618537
2.21500000000025	-1.0874870074399308	1.4072984087308849	0.3198114012909539	1.4072984087308849	0.6744182452938573
2.2200000000002604	-1.0855076716957393	1.4053190877059356	0.3198114160101963	1.4053190877059356	0.6728325791513169
2.225000000000271	-1.0838382477418806	1.403649700980517	0.3198114532386363	1.403649700980517	0.6714238255128802
2.2300000000002815	-1.0838289852507388	1.4036404810048095	0.31981149575407075	1.4036404810048095	0.6701261829227886
2.235000000000292	-1.0866570387744903	1.4064685352963524	0.3198114965218623	1.4064685352963524	0.671451894896257
2.2400000000003026	-1.0927616859794	1.4125731689012642	0.31981148292186407	1.4125731689012642	0.6751012283047755
2.245000000000313	-1.1015968828442013	1.4214083255825525	0.31981144273835116	1.4214083255825525	0.6794104464664966
2.2500000000003237	-1.111859717433897	1.4316711472064136	0.31981142977251653	1.4316711472064136	0.6863305259546386
2.2550000000003343	-1.1220666785065303	1.4418780764894337	0.3198113979829033	1.4418780764894337	0.6928212806448416
2.260000000000345	-1.1310860690842204	1.4508974381763549	0.3198113690921343	1.4508974381763549	0.6992542552336932
2.2650000000003554	-1.13829142135418	1.4581027953152954	0.3198113739611155	1.4581027953152954	0.702817041168962
2.270000000000366	-1.143355773447985	1.4631671453477006	0.31981137189971576	1.4631671453477006	0.7076585332643375
2.2750000000003765	-1.1460053409380404	1.4658167100564312	0.31981136911839086	1.4658167100564312	0.7116400158773118
2.280000000000387	-1.1460277344150733	1.4658390690087146	0.3198113345936413	1.4658390690087146	0.7139712782846744
2.2850000000003976	-1.1435305589453435	1.463341900843526	0.3198113418981825	1.463341900843526	0.7146326303896272
2.290000000000408	-1.1391854771832666	1.4589968454572264	0.31981136827395984	1.4589968454572264	0.7136532835128898
2.2950000000004187	-1.1341640845443892	1.453975488684054	0.3198114041396646	1.453975488684054	0.7122853548907004
2.3000000000004293	-1.1297127196012446	1.4495241588715013	0.3198114392702567	1.4495241588715013	0.7105233329279224
2.30500000000044	-1.1265686189581585	1.4463800516504852	0.31981143269232676	1.4463800516504852	0.7044651492307581
2.3100000000004504	-1.1245643133035381	1.4443757148754834	0.31981140157194543	1.4443757148754834	0.7023899944113066
2.315000000000461	-1.1226608305058237	1.4424722029971868	0.31981137249136327	1.4424722029971868	0.7015792344748967
2.3200000000004715	-1.119378945200192	1.43919027935749	0.319811334157298	1.43919027935749	0.7008943138868682
2.325000000000482	-1.1133260077481555	1.4331373030117178	0.3198112952635623	1.4331373030117178	0.695919563907096
2.3300000000004926	-1.1036072303803812	1.423418528837062	0.31981129845668077	1.423418528837062	0.6891675980839373
2.335000000000503	-1.090067316579639	1.409878632418366	0.31981131583872696	1.409878632418366	0.6817047531074617
2.3400000000005137	-1.073434554143199	1.3932459021697208	0.3198113480265215	1.3932459021697208	0.6711857431643824
2.345000000000524	-1.0553980672390073	1.3752094625513842	0.319811395312377	1.3752094625513842	0.6601236252998438
2.3500000000005348	-1.0384450773705574	1.3582565329284046	0.31981145555784724	1.3582565329284046	0.6541867573642866
2.3550000000005453	-1.0252542979182473	1.3450658120737762	0.319811514155529	1.3450658120737762	0.6469974555332076
2.360000000000556	-1.017846462161461	1.337657991514693	0.3198115293532318	1.337657991514693	0.6377229829775795
2.3650000000005664	-1.017055285301402	1.3368667972267076	0.3198115119253055	1.3368667972267076	0.6393399190874577
2.370000000000577	-1.0227432742672236	1.3425547703696923	0.31981149610246873	1.3425547703696923	0.6425827251197302
2.3750000000005875	-1.0343504201012463	1.354161888146459	0.3198114680452126	1.354161888146459	0.6473200018684805
2.380000000000598	-1.0511851284637006	1.3709965873307937	0.3198114588670931	1.3709965873307937	0.6545981265798414
2.3850000000006086	-1.0722921136717942	1.3921035388406273	0.31981142516883293	1.3921035388406273	0.6643849428301524
2.390000000000619	-1.096196640370261	1.416008000673717	0.31981136030345597	1.416008000673717	0.673997123784864
2.3950000000006297	-1.1208776033033105	1.4406889263524556	0.31981132304914495	1.4406889263524556	0.6856393744777425
2.4000000000006403	-1.1440651732026856	1.4638764484108682	0.31981127520818264	1.4638764484108682	0.6964652927524424
2.405000000000651	-1.1637126916836322	1.483523941848069	0.319811250164437	1.483523941848069	0.7060869780149261
2.4100000000006614	-1.1783825897418665	1.498193803295117	0.3198112135532503	1.498193803295117	0.7119189025938736
2.415000000000672	-1.1874114935711346	1.5072227255551187	0.3198112319839839	1.5072227255551187	0.7108039473619487
2.4200000000006825	-1.1908897723612615	1.5107010212003646	0.3198112488391033	1.5107010212003646	0.7119085382992318
2.425000000000693	-1.1894874933121646	1.5092987556293795	0.3198112623172149	1.5092987556293795	0.7113469555355266
2.4300000000007036	-1.1841915789801067	1.504002844560771	0.3198112655806641	1.504002844560771	0.7084562789656765
2.435000000000714	-1.1759650889904965	1.4957763610944825	0.31981127210398613	1.4957763610944825	0.7050102945180148
2.4400000000007247	-1.1654144937532689	1.485225759688426	0.31981126593515713	1.485225759688426	0.7000755793237323
2.4450000000007353	-1.1525983403686333	1.47240960328348	0.3198112629148467	1.47240960328348	0.6947269453927546
2.450000000000746	-1.1370779369777742	1.4568891710720298	0.3198112340942555	1.4568891710720298	0.688648712572795
2.4550000000007564	-1.1182020886822988	1.4380133260585464	0.3198112373762477	1.4380133260585464	0.679810985714646
2.460000000000767	-1.0955513426290628	1.4153625764155908	0.319811233786528	1.4153625764155908	0.6691353768311379
2.4650000000007775	-1.0694777882136353	1.3892890309226535	0.3198112427090183	1.3892890309226535	0.6533696232632581
2.470000000000788	-1.0416639546266404	1.3614752886314947	0.3198113340048542	1.3614752886314947	0.6398149074768577
2.4750000000007986	-1.0154463769454587	1.3352578065238554	0.3198114295783968	1.3352578065238554	0.6267948499595664
2.480000000000809	-0.9954783373514654	1.3152898676328635	0.31981153028139814	1.3152898676328635	0.6168217721460693
2.4850000000008197	-0.9862976320961517	1.3061092164186	0.3198115843224481	1.3061092164186	0.6117404434542232
2.49000000000083	-0.9900751814560534	1.309886721273172	0.3198115398171184	1.309886721273172	0.612968143159927
2.4950000000008408	-1.004999947393093	1.324811349286465	0.3198114018933718	1.324811349286465	0.6212211986824132
2.5000000000008513	-1.0257613877986689	1.3455726087917967	0.31981122099312786	1.3455726087917967	0.6309070604801181
2.505000000000862	-1.0458162168526746	1.3656272874981499	0.3198110706454753	1.3656272874981499	0.6420502583074916
2.5100000000008724	-1.0596877214344478	1.3794987347417622	0.3198110133073145	1.3794987347417622	0.645483396058711
2.515000000000883	-1.0641653897034535	1.3839763848618898	0.31981099515843625	1.3839763848618898	0.6446908128356367
2.5200000000008935	-1.0586102184663537	1.3784212619548173	0.31981104348846373	1.3784212619548173	0.6445683121659392
2.525000000000904	-1.0449652008001753	1.3647763388202394	0.31981113802006417	1.3647763388202394	0.6403981112369312
2.5300000000009146	-1.027634746926623	1.3474460557710461	0.3198113088444231	1.3474460557710461	0.6326125608193527
2.535000000000925	-1.0127102204915877	1.332521681115926	0.31981146062433824	1.332521681115926	0.6254981079433263
2.5400000000009357	-1.006039867106372	1.3258514131679922	0.3198115460616202	1.3258514131679922	0.622816242824534
2.5450000000009463	-1.0106541191917677	1.330465623021166	0.3198115038293983	1.330465623021166	0.6260145046237108
2.550000000000957	-1.0253566453883463	1.3451680379064732	0.3198113925181269	1.3451680379064732	0.6345810010962394
2.5550000000009674	-1.0457580544795904	1.3655693166408178	0.31981126216122746	1.3655693166408178	0.643139683667127
2.560000000000978	-1.0667389935319245	1.3865501505332094	0.3198111570012848	1.3865501505332094	0.6483073639496048
2.5650000000009885	-1.0843736685266283	1.4041847894405268	0.31981112091389846	1.4041847894405268	0.6594571117138036
2.570000000000999	-1.096587567156196	1.4163986767522252	0.3198111095960293	1.4163986767522252	0.6674064648793094
2.5750000000010096	-1.1029700185100557	1.4227811490750257	0.31981113056497024	1.4227811490750257	0.6719144244393926
2.58000000000102	-1.104325860489692	1.4241370437786114	0.3198111832889195	1.4241370437786114	0.6738110433360164
2.5850000000010307	-1.1022168468260753	1.4220280927220312	0.31981124589595594	1.4220280927220312	0.6782288457628006
2.5900000000010412	-1.0984937964204555	1.418305089593754	0.31981129317329815	1.418305089593754	0.6756807852816847
2.595000000001052	-1.0948556541670347	1.4146669780670038	0.31981132389996914	1.4146669780670038	0.6745930364575777
2.6000000000010624	-1.0925821641169318	1.4123935100778098	0.3198113459608781	1.4123935100778098	0.6739487629195813
2.605000000001073	-1.0925378121003713	1.4123491677430189	0.3198113556426476	1.4123491677430189	0.675038301098839
2.6100000000010835	-1.0953232806924138	1.4151346336097623	0.3198113529173486	1.4151346336097623	0.6769675890789515
2.615000000001094	-1.1012461486908591	1.4210574933108453	0.31981134461998606	1.4210574933108453	0.6808234325050988
2.6200000000011046	-1.110011146927296	1.4298224599600555	0.3198113130327597	1.4298224599600555	0.6837008729904445
2.625000000001115	-1.1205132420864325	1.440324502269468	0.3198112601830353	1.440324502269468	0.6874690237410825
2.6300000000011257	-1.1311367875841207	1.4509479921991213	0.3198112046150004	1.4509479921991213	0.694387916978325
2.635000000001136	-1.140404028157142	1.460215210725034	0.31981118256789187	1.460215210725034	0.7004102357181761
2.6400000000011468	-1.14745589774117	1.4672670821053975	0.3198111843642276	1.4672670821053975	0.7055397630811194
2.6450000000011573	-1.1521237832308062	1.4719349863839153	0.319811203153109	1.4719349863839153	0.709349632826546
2.650000000001168	-1.1547133143812855	1.4745245318777673	0.31981121749648184	1.4745245318777673	0.712975917666001
2.6550000000011784	-1.1557165997496444	1.4755278417092184	0.31981124195957394	1.4755278417092184	0.7132898005572795
2.660000000001189	-1.1556197264274153	1.4754309775355279	0.3198112511081125	1.4754309775355279	0.71418985042159
2.6650000000011995	-1.154777529230342	1.4745887805068716	0.3198112512765296	1.4745887805068716	0.7143137439972022
2.67000000000121	-1.1533401492024202	1.4731514217002144	0.31981127249779406	1.4731514217002144	0.7137129599068186
2.6750000000012206	-1.1512406520798861	1.471051904733731	0.31981125265384464	1.471051904733731	0.7127284171373763
2.680000000001231	-1.1483427504633437	1.4681540008499243	0.31981125038658065	1.4681540008499243	0.71093850359843
2.6850000000012417	-1.1446972376026152	1.464508490564076	0.31981125296146073	1.464508490564076	0.7078469984587497
2.6900000000012523	-1.1407285325926855	1.460539815088431	0.31981128249574553	1.460539815088431	0.7053087373754232
2.695000000001263	-1.1370702553999021	1.4568815432489919	0.31981128784908974	1.4568815432489919	0.7025851104436577
2.7000000000012734	-1.134036562751486	1.4538478130161039	0.319811250264618	1.4538478130161039	0.7004115142279074
2.705000000001284	-1.1311645151445693	1.4509757191371284	0.31981120399255913	1.4509757191371284	0.6981436785178974
2.7100000000012945	-1.1274164644596016	1.447227633489333	0.3198111690297314	1.447227633489333	0.6954395454048535
2.715000000001305	-1.1219936059651978	1.4418047739129136	0.3198111679477158	1.4418047739129136	0.6918936502332578
2.7200000000013156	-1.1150420512972439	1.4348532383033148	0.31981118700607086	1.4348532383033148	0.68742855783182
2.725000000001326	-1.1077206925483811	1.4275319312563155	0.3198112387079344	1.4275319312563155	0.6824113836223777
2.7300000000013367	-1.101578844751931	1.4213901305415237	0.3198112857895927	1.4213901305415237	0.6776493028720308
2.7350000000013472	-1.097707538796662	1.417518861830245	0.31981132303358323	1.417518861830245	0.6739096699148347
2.740000000001358	-1.0962608740045279	1.4160722038217233	0.3198113298171954	1.4160722038217233	0.6692839758708906
2.7450000000013683	-1.0965704623031511	1.4163817693563154	0.31981130705316446	1.4163817693563154	0.6667220279799855
2.750000000001379	-1.0976148021155625	1.4174260989270329	0.31981129681147025	1.4174260989270329	0.6670213299964135
2.7550000000013894	-1.0984143928613301	1.4182256774678854	0.3198112846065553	1.4182256774678854	0.6686948358955568
2.7600000000014	-1.0981792557946035	1.4179905268304163	0.31981127103581275	1.4179905268304163	0.66893728547499
2.7650000000014106	-1.0963878945835344	1.4161991696488911	0.3198112750653567	1.4161991696488911	0.6689820216418537
2.770000000001421	-1.0929226192284844	1.4127338985201945	0.31981127929170994	1.4127338985201945	0.6674034494499067
2.7750000000014317	-1.0882189329300838	1.4080302390325397	0.31981130610245584	1.4080302390325397	0.6656006226851885
2.780000000001442	-1.0832787106279327	1.4030900558464643	0.3198113452185315	1.4030900558464643	0.6637290719054827
2.7850000000014528	-1.0793987593937353	1.399210138730195	0.3198113793364597	1.399210138730195	0.6629519771650669
2.7900000000014633	-1.0776274344665746	1.3974388150851142	0.3198113806185397	1.3974388150851142	0.6628532098585772
2.795000000001474	-1.0782068906109206	1.3980182502730043	0.3198113596620837	1.3980182502730043	0.6624394288720734
2.8000000000014844	-1.0803647673603656	1.4001760778338201	0.3198113104734544	1.4001760778338201	0.6613408390466089
2.805000000001495	-1.0826513171411691	1.4024625540923137	0.3198112369511445	1.4024625540923137	0.6598760771692559
2.8100000000015055	-1.0836247372197472	1.4034359538818715	0.31981121666212414	1.4034359538818715	0.6590841584061429
2.815000000001516	-1.082529000732403	1.4023402396092752	0.319811238876872	1.4023402396092752	0.6571757139040585
2.8200000000015266	-1.0796508034166243	1.3994620928540784	0.3198112894374539	1.3994620928540784	0.6553497910763378
2.825000000001537	-1.0762613675736334	1.3960727166878935	0.31981134911425985	1.3960727166878935	0.6550607903499956
2.8300000000015477	-1.0741460574565755	1.3939574502471463	0.3198113927905709	1.3939574502471463	0.6525443329032157
2.8350000000015583	-1.0748481979721694	1.3946596287597262	0.3198114307875569	1.3946596287597262	0.6524260510721803
2.840000000001569	-1.0789764329923712	1.3987878484467366	0.3198114154543654	1.3987878484467366	0.6540617413993841
2.8450000000015794	-1.085937288910934	1.4057486539708648	0.3198113650599308	1.4057486539708648	0.6587240456799719
2.85000000000159	-1.0941824535652191	1.4139937730401133	0.31981131947489416	1.4139937730401133	0.6645655289081485
2.8550000000016005	-1.1016794338627494	1.4214906965149725	0.31981126265222315	1.4214906965149725	0.670074506894044
2.860000000001611	-1.106229132952205	1.4260403432893967	0.3198112103371918	1.4260403432893967	0.6746008916652867
2.8650000000016216	-1.1055412284186066	1.4253523700019226	0.3198111415833161	1.4253523700019226	0.6764716708471366
2.870000000001632	-1.097294827038491	1.4171058900840061	0.31981106304551504	1.4171058900840061	0.6729211343287519
2.8750000000016427	-1.0795007683412896	1.3993117869443472	0.31981101860305755	1.3993117869443472	0.6705421418767368
2.8800000000016532	-1.051411113686421	1.3712221305764414	0.31981101689002034	1.3712221305764414	0.6597700856839401
2.885000000001664	-1.0152792822897374	1.3350904530272114	0.319811170737474	1.3350904530272114	0.6453691634956226
2.8900000000016743	-0.9788403702565722	1.2986518648803327	0.3198114946237604	1.2986518648803327	0.6292365142687337
2.895000000001685	-0.9558858682226483	1.2756977155289029	0.31981184730625456	1.2756977155289029	0.6172383489598837
2.9000000000016954	-0.9589011498545762	1.27871294769797	0.31981179784339375	1.27871294769797	0.6184250646727135
2.905000000001706	-0.986605944154444	1.306417349578046	0.3198114054236019	1.306417349578046	0.6303475203862093
2.9100000000017165	-1.0241650330813734	1.3439761051352135	0.3198110720538402	1.3439761051352135	0.6466867139983502
2.915000000001727	-1.0570268788854849	1.3768378574379359	0.31981097855245083	1.3768378574379359	0.661132020228611
2.9200000000017377	-1.0790984675228144	1.3989095085613352	0.31981104103852076	1.3989095085613352	0.6714753471482998
2.925000000001748	-1.0907944153047595	1.4106055767476355	0.3198111614428758	1.4106055767476355	0.6770553807710779
2.9300000000017588	-1.0949502998324838	1.4147615560160707	0.319811256183587	1.4147615560160707	0.6793719357093569
2.9350000000017693	-1.0946208086913278	1.4144321646618128	0.31981135597048493	1.4144321646618128	0.680151858764601
2.94000000000178	-1.092421897160733	1.4122333135336098	0.3198114163728768	1.4122333135336098	0.6796182694472572
2.9450000000017904	-1.090453606198504	1.4102650741240186	0.3198114679255147	1.4102650741240186	0.6787626038168012
2.950000000001801	-1.0902966110116648	1.4101081081633982	0.31981149715173346	1.4101081081633982	0.6788368645193495
2.9550000000018115	-1.0929507719448257	1.4127622752064668	0.319811503261641	1.4127622752064668	0.6802592449597342
2.960000000001822	-1.0987751131957604	1.4185866211436668	0.3198115079479065	1.4185866211436668	0.6837493150298232
2.9650000000018326	-1.1074954126612453	1.4273069266689984	0.31981151400775304	1.4273069266689984	0.685109172281802
2.970000000001843	-1.1183461939607353	1.438157697515062	0.31981150355432675	1.438157697515062	0.6905030738311246
2.9750000000018537	-1.1302931239381477	1.4501046228527519	0.3198114989146042	1.4501046228527519	0.695438131887612
2.9800000000018643	-1.1422467571836952	1.4620582233780022	0.319811466194307	1.4620582233780022	0.700650947132373
2.985000000001875	-1.1532282920380752	1.4730397144939875	0.31981142245591215	1.4730397144939875	0.7059912107327221
2.9900000000018854	-1.1624340826963218	1.48224548684344	0.3198114041471183	1.48224548684344	0.7097101123289797
2.995000000001896	-1.1692330337517836	1.4890444413772639	0.3198114076254802	1.4890444413772639	0.7134569517102621
3.0000000000019065	-1.1731312382441332	1.4929426273699375	0.3198113891258042	1.4929426273699375	0.7152568903209529
3.005000000001917	-1.173738938587968	1.4935503097449923	0.31981137115702407	1.4935503097449923	0.7158718849122185
3.0100000000019276	-1.1707682837889206	1.4905796536943585	0.319811369905438	1.4905796536943585	0.7139475836128654
3.015000000001938	-1.1640589710732407	1.4838703485587996	0.3198113774855588	1.4838703485587996	0.7106589159721932
3.0200000000019487	-1.1536298248150851	1.4734411892971047	0.3198113644820195	1.4734411892971047	0.704937615761645
3.0250000000019592	-1.1397462934089837	1.459557671777218	0.3198113783682345	1.459557671777218	0.6966044753411862
3.03000000000197	-1.1230146222624295	1.442826033957962	0.3198114116955324	1.442826033957962	0.686178759295737
3.0350000000019803	-1.1044920842115304	1.424303535100921	0.31981145088939045	1.424303535100921	0.6751651950772583
3.040000000001991	-1.0858509249735164	1.405662426333593	0.3198115013600767	1.405662426333593	0.6629732808322726
3.0450000000020014	-1.0694665438329545	1.389278118480813	0.31981157464785837	1.389278118480813	0.6585489216918585
3.050000000002012	-1.058116746868497	1.3779283788639713	0.31981163199547424	1.3779283788639713	0.6517733244071334
3.0550000000020225	-1.054086093690987	1.373897739739202	0.3198116460482149	1.373897739739202	0.6490429345525623
3.060000000002033	-1.0580238100028092	1.3778354113234146	0.31981160132060554	1.3778354113234146	0.6501900880853487
3.0650000000020436	-1.0684412160381687	1.3882527344019633	0.3198115183637947	1.3882527344019633	0.6544276627614692
3.070000000002054	-1.0824075507661226	1.4022190142673718	0.3198114635012493	1.4022190142673718	0.6621226654996054
3.0750000000020647	-1.096900530620229	1.416711958090096	0.3198114274698668	1.416711958090096	0.6703464490278942
3.0800000000020753	-1.109823094030583	1.4296344957132268	0.31981140168264377	1.4296344957132268	0.677737416215236
3.085000000002086	-1.120279412808027	1.440090837153702	0.319811424345675	1.440090837153702	0.6817650642069577
3.0900000000020964	-1.128323085897731	1.448134536782091	0.3198114508843601	1.448134536782091	0.6875087767796298
3.095000000002107	-1.1345564542386264	1.4543679406188712	0.3198114863802448	1.4543679406188712	0.6910839845766119
3.1000000000021175	-1.1397382873520823	1.459549802634333	0.3198115152822507	1.459549802634333	0.6944334690534651
3.105000000002128	-1.1444140979328055	1.4642256077021707	0.31981150976936534	1.4642256077021707	0.696600981046588
3.1100000000021386	-1.1485873225024137	1.4683988298017072	0.31981150729929353	1.4683988298017072	0.6983563890013591
3.115000000002149	-1.1516049446519034	1.471416428243535	0.3198114835916314	1.471416428243535	0.6992056903051173
3.1200000000021597	-1.1523645092908952	1.472175971753527	0.3198114624626318	1.472175971753527	0.6987510387995728
3.1250000000021703	-1.1498207024001632	1.469632139694785	0.31981143729462164	1.469632139694785	0.6960029086813448
3.130000000002181	-1.1435253218396129	1.4633367676227187	0.3198114457831058	1.4633367676227187	0.6926425598722157
3.1350000000021914	-1.133917215470217	1.4537286720407405	0.3198114565705235	1.4537286720407405	0.6877126683561556
3.140000000002202	-1.1222088608521985	1.4420203513011258	0.3198114904489275	1.4420203513011258	0.6830676616140398
3.1450000000022125	-1.1099469407069116	1.4297584716643776	0.31981153095746606	1.4297584716643776	0.675108763115972
3.150000000002223	-1.098532580125039	1.4183441464766913	0.31981156635165237	1.4183441464766913	0.666909772398325
3.1550000000022336	-1.0889395028313213	1.4087510810497603	0.3198115782184388	1.4087510810497603	0.6624674034732646
3.160000000002244	-1.0816518845252603	1.4014634587232724	0.3198115741980121	1.4014634587232724	0.6580073313165395
3.1650000000022547	-1.076827339143621	1.39663891219409	0.3198115730504691	1.39663891219409	0.657577103484561
3.1700000000022652	-1.0746020482821848	1.3944136147720962	0.31981156648991144	1.3944136147720962	0.6592565875678991
3.175000000002276	-1.0753209658660248	1.3951325105171326	0.3198115446511079	1.3951325105171326	0.6631046879413498
3.1800000000022863	-1.0794123244482925	1.3992238679884021	0.3198115435401098	1.3992238679884021	0.6678925163985157
3.185000000002297	-1.0870912927228715	1.4069027949752404	0.3198115022523689	1.4069027949752404	0.6726663821760843
3.1900000000023074	-1.0979096055725348	1.417721069724753	0.3198114641522183	1.417721069724753	0.6767275693486
3.195000000002318	-1.110094771285195	1.4299061652458223	0.3198113939606273	1.4299061652458223	0.6838285930666945
3.2000000000023285	-1.1204671155395916	1.4402784012640137	0.3198112857244222	1.4402784012640137	0.6890525926452207
3.205000000002339	-1.1256451540382526	1.4454564069017337	0.31981125286348117	1.4454564069017337	0.6899684939594755
3.2100000000023496	-1.1237510651735938	1.4435623640702735	0.3198112988966798	1.4435623640702735	0.6875090890096952
3.21500000000236	-1.115302951533586	1.435114333027495	0.31981138149390886	1.435114333027495	0.6843582773852643
3.2200000000023707	-1.102893397964967	1.4227048856926336	0.3198114877276666	1.4227048856926336	0.6763775482714377
3.2250000000023813	-1.0900274833312107	1.409839055085037	0.31981157175382646	1.409839055085037	0.6684745978051647
3.230000000002392	-1.0796993070711927	1.3995109190287216	0.3198116119575288	1.3995109190287216	0.662990260413163
3.2350000000024024	-1.073442500355142	1.3932541188185055	0.31981161846336364	1.3932541188185055	0.6599101276629279
3.240000000002413	-1.0712571392796433	1.3910687224270677	0.3198115831474244	1.3910687224270677	0.6581478755967125
3.2450000000024235	-1.0721690411047144	1.3919805941615282	0.31981155305681386	1.3919805941615282	0.6594522601487425
3.250000000002434	-1.0748816100965592	1.3946931395677507	0.3198115294711914	1.3946931395677507	0.6606127209944367
3.2550000000024446	-1.078219835260221	1.3980313486971376	0.3198115134369168	1.3980313486971376	0.6630899034023187
3.260000000002455	-1.0813264110329386	1.4011379064361906	0.3198114954032522	1.4011379064361906	0.66515176824045
3.2650000000024657	-1.0836588121427517	1.4034702927996832	0.3198114806569316	1.4034702927996832	0.6701393604854504
3.2700000000024763	-1.084890097605418	1.404701587820066	0.3198114902146477	1.404701587820066	0.6714991195902205
3.275000000002487	-1.0847961768870145	1.4046076634244797	0.3198114865374653	1.4046076634244797	0.67164594103853
3.2800000000024974	-1.083190369530666	1.403001854059537	0.3198114845288711	1.403001854059537	0.6723371991690941
3.285000000002508	-1.079910514293798	1.3997219870297501	0.3198114727359523	1.3997219870297501	0.6735220068553385
3.2900000000025185	-1.0748264834072956	1.3946379634735608	0.3198114800662654	1.3946379634735608	0.6736680100750171
3.295000000002529	-1.0678808774476054	1.3876923527937848	0.3198114753461795	1.3876923527937848	0.6712115558228646
3.3000000000025396	-1.0591721000226566	1.3789835595035362	0.3198114594808796	1.3789835595035362	0.6681191691738108
3.30500000000255	-1.0490639046251966	1.3688753758788692	0.3198114712536727	1.3688753758788692	0.6643065252103735
3.3100000000025607	-1.038330662721075	1.3581421698141796	0.3198115070931046	1.3581421698141796	0.6600424387573691
3.3150000000025712	-1.0282828714881336	1.3480944215312198	0.3198115500430862	1.3480944215312198	0.6560930753368569
3.3200000000025818	-1.0207289501268917	1.3405405639084709	0.3198116137815791	1.3405405639084709	0.6548996060953391
3.3250000000025923	-1.017653550719664	1.3374652186778464	0.3198116679581824	1.3374652186778464	0.6561102978138293
3.330000000002603	-1.020598502565302	1.3404101711873184	0.3198116686220165	1.3404101711873184	0.6582658074531254
3.3350000000026134	-1.030081853025321	1.3498935067068063	0.31981165368148523	1.3498935067068063	0.6636710109633749
3.340000000002624	-1.0454009026902098	1.365212517580521	0.31981161489031124	1.365212517580521	0.6699481895138921
3.3450000000026345	-1.064913429887319	1.3847249807082835	0.3198115508209645	1.3847249807082835	0.678322076686457
3.350000000002645	-1.0865696895279209	1.4063811891735722	0.31981149964565136	1.4063811891735722	0.6858561793824869
3.3550000000026556	-1.1084280008678313	1.4282394588906064	0.3198114580227751	1.4282394588906064	0.6941720776902343
3.360000000002666	-1.1289796474662759	1.448791070280666	0.3198114228143899	1.448791070280666	0.7024626469430606
3.3650000000026767	-1.1472338648830358	1.4670452732079997	0.3198114083249639	1.4670452732079997	0.7093478658914293
3.3700000000026873	-1.162615903251727	1.4824273133806556	0.3198114101289288	1.4824273133806556	0.715007724067425
3.375000000002698	-1.1748352752035938	1.4946466755168388	0.319811400313245	1.4946466755168388	0.7189558905863942
3.3800000000027084	-1.183805873613113	1.503617282771258	0.31981140915814493	1.503617282771258	0.7219387888189815
3.385000000002719	-1.1896245636046734	1.5094359727265985	0.3198114091219251	1.5094359727265985	0.7235366664576567
3.3900000000027295	-1.1925632066553071	1.5123746212308768	0.3198114145755697	1.5123746212308768	0.7242184970799082
3.39500000000274	-1.1929984412826362	1.5128098476572271	0.31981140637459093	1.5128098476572271	0.7224415737767512
3.4000000000027506	-1.1913130610693552	1.5111244710649174	0.3198114099955622	1.5111244710649174	0.7202284985242382
3.405000000002761	-1.1877753491749419	1.5075867529957447	0.3198114038208027	1.5075867529957447	0.7162440264536967
3.4100000000027717	-1.1824640481664495	1.502275461023706	0.3198114128572564	1.502275461023706	0.7129762615143533
3.4150000000027823	-1.1752664461807356	1.4950778537471754	0.31981140756643983	1.4950778537471754	0.707840711530526
3.420000000002793	-1.16598854242015	1.4857999198313383	0.3198113774111883	1.4857999198313383	0.7023077287981649
3.4250000000028034	-1.1545661684200894	1.4743775383924986	0.3198113699724092	1.4743775383924986	0.6950196462913444
3.430000000002814	-1.1413806483090811	1.4611920266103389	0.3198113783012577	1.4611920266103389	0.6898947734551508
3.4350000000028245	-1.1275118286036565	1.4473232700358716	0.319811441432215	1.4473232700358716	0.6811127184750227
3.440000000002835	-1.1147239827098545	1.4345354627686455	0.31981148005879106	1.4345354627686455	0.6744761725269094
3.4450000000028456	-1.1049876178873344	1.4247991349565066	0.3198115170691723	1.4247991349565066	0.6702009534019545
3.450000000002856	-1.09962545817496	1.419436980404834	0.31981152222987375	1.419436980404834	0.6677407193555475
3.4550000000028667	-1.0985806519581929	1.418392141400721	0.31981148944252824	1.418392141400721	0.669126961783871
3.460000000002877	-1.1003764948173744	1.4201879176848187	0.31981142286744413	1.4201879176848187	0.6762197240056533
3.4650000000028878	-1.1029024783228898	1.4227138383618754	0.3198113600389856	1.4227138383618754	0.6796165097286624
3.4700000000028983	-1.104480870536656	1.4242922130603681	0.3198113425237122	1.4242922130603681	0.6800020697246463
3.475000000002909	-1.104479057885837	1.4242904163815922	0.3198113584957552	1.4242904163815922	0.6821569020251755
3.4800000000029194	-1.103282450474465	1.423093829850561	0.3198113793760963	1.423093829850561	0.6829149792635798
3.48500000000293	-1.1018315698025984	1.4216429729294076	0.31981140312680895	1.4216429729294076	0.6801744833978559
3.4900000000029405	-1.1011174996290745	1.420928926383017	0.31981142675394236	1.420928926383017	0.6811889795834383
3.495000000002951	-1.1018626809214842	1.4216741020218984	0.31981142110041416	1.4216741020218984	0.6816761709902984
3.5000000000029616	-1.104395663397014	1.4242070707384848	0.3198114073414709	1.4242070707384848	0.6833748625485703
3.505000000002972	-1.1086335398170692	1.4284449350623627	0.3198113952452934	1.4284449350623627	0.6856295138909132
3.5100000000029827	-1.114138849504399	1.433950246918616	0.31981139741421727	1.433950246918616	0.6895468522722592
3.5150000000029933	-1.1202084139570723	1.4400197974089386	0.3198113834518662	1.4400197974089386	0.6915439067209744
3.520000000003004	-1.1259956739754526	1.4458070360842945	0.31981136210884176	1.4458070360842945	0.6947257032562587
3.5250000000030144	-1.130649734322649	1.4504610849752992	0.3198113506526504	1.4504610849752992	0.6980913522147286
3.530000000003025	-1.1334116184612615	1.453222968508208	0.31981135004694666	1.453222968508208	0.7009703200502843
3.5350000000030355	-1.1336747790265065	1.4534861189050732	0.3198113398785668	1.4534861189050732	0.7016080565676425
3.540000000003046	-1.1310752003005742	1.4508865248650722	0.319811324564498	1.4508865248650722	0.7012536136947444
3.5450000000030566	-1.125653861230813	1.4454651873195674	0.31981132608875457	1.4454651873195674	0.7010698800843899
3.550000000003067	-1.118084529237332	1.437895907571933	0.31981137833460094	1.437895907571933	0.6988373559600236
3.5550000000030777	-1.109832073862927	1.4296435032411685	0.3198114293782415	1.4296435032411685	0.6954071663154632
3.5600000000030882	-1.10303495996013	1.4228464395128282	0.31981147955269834	1.4228464395128282	0.6921714349195907
3.565000000003099	-1.0999241175888057	1.4197356405649506	0.319811522976145	1.4197356405649506	0.6904198796352485
3.5700000000031094	-1.1019286433540003	1.4217401782489976	0.3198115348949972	1.4217401782489976	0.6873246618727117
3.57500000000312	-1.1089800796195655	1.4287915612954294	0.3198114816758638	1.4287915612954294	0.6873643680605747
3.5800000000031305	-1.119502385501699	1.4393137901546778	0.3198114046529787	1.4393137901546778	0.6924914813156456
3.585000000003141	-1.1311280685105969	1.450939415461302	0.31981134695070507	1.450939415461302	0.6959154188675699
3.5900000000031516	-1.1415857699351444	1.4613970596791188	0.3198112897439744	1.4613970596791188	0.6982379096551363
3.595000000003162	-1.1492278876695712	1.4690391236836762	0.319811236014105	1.4690391236836762	0.6989846511004995
3.6000000000031727	-1.1530381061593586	1.4728493197210457	0.319811213561687	1.4728493197210457	0.6974652220983776
3.605000000003183	-1.1524283083842268	1.4722395098529066	0.31981120146867964	1.4722395098529066	0.6951999968510008
3.6100000000031938	-1.1471519040894256	1.4669631372582785	0.319811233168853	1.4669631372582785	0.6915438621017719
3.6150000000032043	-1.137530621028795	1.4573418838570702	0.3198112628282753	1.4573418838570702	0.6895405948256625
3.620000000003215	-1.1249476728605645	1.4447590078346866	0.319811334974122	1.4447590078346866	0.6825775111162602
3.6250000000032254	-1.1121961894076018	1.4320076203126282	0.3198114309050264	1.4320076203126282	0.6758702269335379
3.630000000003236	-1.1030266497752992	1.4228381586537973	0.3198115088784981	1.4228381586537973	0.6717960083000204
3.6350000000032465	-1.1005442508522596	1.4203557707165655	0.3198115198643059	1.4203557707165655	0.6703087662571898
3.640000000003257	-1.1054505703569963	1.4252620360609216	0.3198114657039254	1.4252620360609216	0.6715295625088972
3.6450000000032676	-1.1158152785766016	1.4356266693252981	0.3198113907486966	1.4356266693252981	0.6765086622018257
3.650000000003278	-1.1285631360371604	1.4483744579418385	0.3198113219046782	1.4483744579418385	0.6808325653836348
3.6550000000032887	-1.1411746833134473	1.4609859921670714	0.319811308853624	1.4609859921670714	0.6859114452859467
3.6600000000032993	-1.1523565284336703	1.47216784703721	0.3198113186035397	1.47216784703721	0.6907240280570399
3.66500000000331	-1.161802669981615	1.4816139903847587	0.3198113204031438	1.4816139903847587	0.6946377989634496
3.6700000000033204	-1.169679444191445	1.4894907791307417	0.31981133493929675	1.4894907791307417	0.7004307277438577
3.675000000003331	-1.176211165934129	1.4960224907147188	0.3198113247805898	1.4960224907147188	0.7039466973775124
3.6800000000033415	-1.181513668783272	1.501325009413913	0.3198113406306412	1.501325009413913	0.7068922097923491
3.685000000003352	-1.1855767609573475	1.5053881140906027	0.3198113531332549	1.5053881140906027	0.7105057688797726
3.6900000000033626	-1.1883426220009565	1.5081540108539613	0.3198113888530048	1.5081540108539613	0.7125264069126959
3.695000000003373	-1.1897675307161024	1.5095789197553322	0.3198113890392297	1.5095789197553322	0.7134631184541327
3.7000000000033837	-1.189818067658482	1.5096294547944757	0.31981138713599366	1.5096294547944757	0.7137486891364678
3.7050000000033942	-1.1884369871980802	1.5082483902803288	0.31981140308224854	1.5082483902803288	0.7129756220778122
3.710000000003405	-1.18548246371969	1.505293868653972	0.3198114049342823	1.505293868653972	0.7123080832963554
3.7150000000034153	-1.18072790517181	1.5005392956605745	0.31981139048876456	1.5005392956605745	0.7102082315737729
3.720000000003426	-1.1739499698101998	1.4937613525780167	0.3198113827678169	1.4937613525780167	0.7083329648609222
3.7250000000034365	-1.1651634028267184	1.4849747943889968	0.31981139156227856	1.4849747943889968	0.7042528398241978
3.730000000003447	-1.1548756946097645	1.4746871215603252	0.3198114269505608	1.4746871215603252	0.7006337261332759
3.7350000000034576	-1.1441600121049371	1.4639714684876888	0.31981145638275166	1.4639714684876888	0.696487061639424
3.740000000003468	-1.134377398399119	1.4541888601143895	0.3198114617152706	1.4541888601143895	0.6921399885083702
3.7450000000034787	-1.126550649029947	1.4463621252440246	0.3198114762140774	1.4463621252440246	0.6882558377249559
3.750000000003489	-1.1208250323124584	1.4406365025855956	0.3198114702731371	1.4406365025855956	0.6875840575848972
3.7550000000034998	-1.1164872625297029	1.4362986938379227	0.31981143130821993	1.4362986938379227	0.6855228092513456
3.7600000000035103	-1.1125364910386264	1.432347903264595	0.3198114122259685	1.432347903264595	0.6836139950623644
3.765000000003521	-1.1083537740022298	1.4281651855292892	0.31981141152705944	1.4281651855292892	0.6820630476754623
3.7700000000035314	-1.1040572940861066	1.42386873038769	0.3198114363015836	1.42386873038769	0.6808143971407761
3.775000000003542	-1.1004735821702025	1.420285051726998	0.31981146955679535	1.420285051726998	0.6798190008747446
3.7800000000035525	-1.098846710744293	1.4186582051740058	0.31981149442971285	1.4186582051740058	0.6800474807823896
3.785000000003563	-1.1004066759702769	1.4202181894133699	0.3198115134430931	1.4202181894133699	0.6804571260482134
3.7900000000035736	-1.105892848174503	1.4257043825595597	0.3198115343850567	1.4257043825595597	0.6834359107187251
3.795000000003584	-1.1151955470379715	1.4350070779563824	0.3198115309184109	1.4350070779563824	0.6903051240477568
3.8000000000035947	-1.1272815709515045	1.447093050431842	0.3198114794803375	1.447093050431842	0.6959611030812537
3.8050000000036053	-1.1404862788517522	1.460297718940934	0.31981144008918194	1.460297718940934	0.702143479864895
3.810000000003616	-1.1529931675642724	1.4728045653521382	0.3198113977878658	1.4728045653521382	0.7083790173447654
3.8150000000036264	-1.163285596742278	1.4830969619879522	0.31981136524567416	1.4830969619879522	0.712481207096463
3.820000000003637	-1.1704155462666985	1.490226911137386	0.3198113648706875	1.490226911137386	0.7151755505727753
3.8250000000036475	-1.1740970440934597	1.4939083968880873	0.31981135279462763	1.4939083968880873	0.7165719491984331
3.830000000003658	-1.1746562341415077	1.4944676101055707	0.3198113759640633	1.4944676101055707	0.7149739005421023
3.8350000000036686	-1.1729229304537383	1.4927343293048896	0.3198113988511511	1.4927343293048896	0.7153192412238208
3.840000000003679	-1.1701063007243817	1.4899177426241779	0.31981144189979605	1.4899177426241779	0.7155615229247686
3.8450000000036897	-1.1676391778937985	1.4874506698072505	0.3198114919134521	1.4874506698072505	0.7115686869035327
3.8500000000037002	-1.1669446308183955	1.4867561736493164	0.31981154283092095	1.4867561736493164	0.7131298754170579
3.855000000003711	-1.1691154708269724	1.48892702476119	0.31981155393421773	1.48892702476119	0.7154449535695804
3.8600000000037213	-1.1745720619535056	1.4943835982218923	0.3198115362683866	1.4943835982218923	0.7189186167774526
3.865000000003732	-1.182852958209934	1.5026644617790519	0.3198115035691178	1.5026644617790519	0.7236089689404943
3.8700000000037424	-1.1926867876824525	1.512498260318534	0.31981147263608134	1.512498260318534	0.7281998391693354
3.875000000003753	-1.2023716709503682	1.522183096661245	0.31981142571087673	1.522183096661245	0.732395514329165
3.8800000000037635	-1.2102959190245774	1.5301073176861144	0.31981139866153685	1.5301073176861144	0.7367744190551933
3.885000000003774	-1.2153658412517134	1.5351772452335886	0.3198114039818751	1.5351772452335886	0.7385170630258596
3.8900000000037847	-1.2172249847447287	1.5370363871856765	0.31981140244094775	1.5370363871856765	0.7381386230846363
3.895000000003795	-1.216235024439417	1.5360464634205906	0.31981143898117365	1.5360464634205906	0.74076158380841
3.9000000000038058	-1.213245556728706	1.533057021705373	0.319811464976667	1.533057021705373	0.738439669654383
3.9050000000038163	-1.209243184859891	1.5290546673026637	0.31981148244277263	1.5290546673026637	0.7355841751827249
3.910000000003827	-1.2050456141185717	1.524857107643611	0.31981149352503935	1.524857107643611	0.7325363393790106
3.9150000000038374	-1.2011939323924516	1.521005442033875	0.3198115096414233	1.521005442033875	0.7294519480495297
3.920000000003848	-1.1980319930966363	1.5178435372190893	0.3198115441224529	1.5178435372190893	0.7270278343041331
3.9250000000038585	-1.1958516750874062	1.5156632392965799	0.3198115642091737	1.5156632392965799	0.7243541644043773
3.930000000003869	-1.194951483253858	1.5147630531821028	0.31981156992824483	1.5147630531821028	0.7239584242079806
3.9350000000038796	-1.1955919014051195	1.5154034706858388	0.31981156928071924	1.5154034706858388	0.7249564291518495
3.94000000000389	-1.1978360513390738	1.5176476349256833	0.3198115835866096	1.5176476349256833	0.726449680825527
3.9450000000039007	-1.2013916502360251	1.5212032256889063	0.31981157545288125	1.5212032256889063	0.7285921759433036
3.9500000000039113	-1.2056093898647775	1.5254209592086092	0.3198115693438318	1.5254209592086092	0.7312743232155248
3.955000000003922	-1.2097168963927183	1.5295284443241208	0.31981154793140265	1.5295284443241208	0.7341156312621986
3.9600000000039324	-1.2132093957634655	1.5330209455411845	0.3198115497777188	1.5330209455411845	0.7360516530980891
3.965000000003943	-1.2160939508574793	1.5359055155538923	0.3198115646964129	1.5359055155538923	0.7372568748568572
3.9700000000039535	-1.2187038357234707	1.5385154025202459	0.31981156679677525	1.5385154025202459	0.7382949192530806
3.975000000003964	-1.2211735283139715	1.5409850821774316	0.31981155386346016	1.5409850821774316	0.7379794148256662
3.9800000000039746	-1.2230143954990864	1.5428259211934687	0.3198115256943822	1.5428259211934687	0.7379081692418287
3.985000000003985	-1.2231355587076733	1.5429470623170283	0.319811503609355	1.5429470623170283	0.734778381347454
3.9900000000039957	-1.2202334646285748	1.540044969084848	0.31981150445627304	1.540044969084848	0.7333641461371525
3.9950000000040062	-1.2132238199434633	1.5330353067188767	0.31981148677541343	1.5330353067188767	0.7299604687072242
4.000000000004016	-1.2015710500266779	1.521382537856569	0.3198114878298911	1.521382537856569	0.7235704573798211
4.005000000004005	-1.1854754055002592	1.5052869057202238	0.3198115002199646	1.5052869057202238	0.7158945703910772
4.010000000003993	-1.1660170756169748	1.4858286336652233	0.3198115580482485	1.4858286336652233	0.711169044421608
4.015000000003981	-1.145248743653929	1.4650603713016102	0.3198116276476813	1.4650603713016102	0.7019469722958633
4.02000000000397	-1.126054683190115	1.4458663917363779	0.31981170854626284	1.4458663917363779	0.6933339978460198
4.025000000003958	-1.1116444824320633	1.431456289460524	0.3198118070284606	1.431456289460524	0.6877064236173154
4.030000000003946	-1.1046687090631706	1.4244805653138919	0.31981185625072145	1.4244805653138919	0.6826179858447775
4.035000000003935	-1.1062699283301956	1.4260817570870936	0.31981182875689795	1.4260817570870936	0.6830110062865378
4.040000000003923	-1.1156082524042148	1.4354200194164801	0.3198117670122653	1.4354200194164801	0.6875250639877136
4.0450000000039115	-1.1301638090719939	1.4499754684305464	0.3198116593585526	1.4499754684305464	0.6939602038936276
4.0500000000039	-1.1466754334644191	1.4664870191843569	0.31981158571993773	1.4664870191843569	0.700690658220978
4.055000000003888	-1.1622049042677371	1.4820164360485422	0.3198115317808049	1.4820164360485422	0.7056742530751928
4.0600000000038765	-1.174835714594152	1.4946472417992223	0.3198115272050703	1.4946472417992223	0.7104495254256534
4.065000000003865	-1.183860842985058	1.5036723679158985	0.31981152493084053	1.5036723679158985	0.7143376300276396
4.070000000003853	-1.189562295289395	1.5093738634983058	0.3198115682089107	1.5093738634983058	0.7157849357679269
4.0750000000038415	-1.1927880694405264	1.5125996684497196	0.3198115990091931	1.5125996684497196	0.7165460869739644
4.08000000000383	-1.1945189694742075	1.5143305775254645	0.31981160805125697	1.5143305775254645	0.7169041092297406
4.085000000003818	-1.1955351104003478	1.5153467461548746	0.3198116357545268	1.5153467461548746	0.7170704995161956
4.090000000003807	-1.1962349977233924	1.5160466696124377	0.31981167188904536	1.5160466696124377	0.7177970082457342
4.095000000003795	-1.1966191895142213	1.5164308464792497	0.31981165696502845	1.5164308464792497	0.717830124418925
4.100000000003783	-1.1963962402865531	1.5162078969248578	0.3198116566383047	1.5162078969248578	0.7183597873220432
4.105000000003772	-1.1951697688482028	1.5149814238006984	0.3198116549524957	1.5149814238006984	0.717300045996829
4.11000000000376	-1.1926047635562098	1.5124164286151551	0.31981166505894537	1.5124164286151551	0.7166169920063274
4.115000000003748	-1.188556528950024	1.508368195917873	0.31981166696784913	1.508368195917873	0.7151559907341207
4.120000000003737	-1.1831299809395681	1.5029416356873235	0.3198116547477555	1.5029416356873235	0.7138939321440544
4.125000000003725	-1.1767232639770513	1.496534944837761	0.31981168086070966	1.496534944837761	0.7104194201907658
4.130000000003713	-1.1700391563299417	1.4898508576366458	0.3198117013067042	1.4898508576366458	0.7071692070960186
4.135000000003702	-1.1640673045374774	1.483879032777486	0.31981172824000853	1.483879032777486	0.7035451602639288
4.14000000000369	-1.159938942640348	1.4797507117901236	0.31981176914977566	1.4797507117901236	0.7026919958613725
4.145000000003678	-1.1586076641529406	1.4784194224338056	0.31981175828086505	1.4784194224338056	0.7012556928539808
4.150000000003667	-1.1604487383690931	1.4802604559309065	0.31981171756181354	1.4802604559309065	0.7007466863979157
4.155000000003655	-1.1650442943230634	1.4848559850938312	0.3198116907707677	1.4848559850938312	0.7036028694935978
4.1600000000036434	-1.1713787716512583	1.4911904507009976	0.3198116790497393	1.4911904507009976	0.7088221555494651
4.165000000003632	-1.17827872382122	1.4980903991058485	0.3198116752846285	1.4980903991058485	0.7095456853233678
4.17000000000362	-1.184827351264836	1.5046390096119	0.31981165834706415	1.5046390096119	0.7161679391215223
4.1750000000036085	-1.1905448643589402	1.5103565351825006	0.3198116708235602	1.5103565351825006	0.7177882148131758
4.180000000003597	-1.1953376636115156	1.5151493437897414	0.3198116801782258	1.5151493437897414	0.7203536524272521
4.185000000003585	-1.1993551891147007	1.5191668785212642	0.3198116894065633	1.5191668785212642	0.7234043255091644
4.1900000000035735	-1.2028646716819313	1.522676363479637	0.31981169179770563	1.522676363479637	0.7253296103539884
4.195000000003562	-1.2061707180787593	1.5259824184281496	0.31981170034939027	1.5259824184281496	0.7279664707292167
4.20000000000355	-1.2095706402198636	1.5293823537838191	0.3198117135639553	1.5293823537838191	0.7307069636637352
4.205000000003539	-1.2133216631824368	1.5331334028646955	0.3198117396822586	1.5331334028646955	0.7325395568257311
4.210000000003527	-1.2176138774336998	1.53742562443716	0.31981174700346016	1.53742562443716	0.7342030003036483
4.215000000003515	-1.222542733402987	1.5423544714160855	0.31981173801309837	1.5423544714160855	0.73622065277749
4.220000000003504	-1.2280747081662902	1.547886450320593	0.31981174215430275	1.547886450320593	0.7377934169851963
4.225000000003492	-1.234012211977893	1.553823945401479	0.31981173342358615	1.553823945401479	0.7397117761601015
4.23000000000348	-1.2399679460569508	1.5597796656155694	0.31981171955861853	1.5597796656155694	0.7422430219714876
4.235000000003469	-1.2454371811420266	1.5652488704829874	0.3198116893409609	1.5652488704829874	0.7443758691280052
4.240000000003457	-1.249977893599009	1.5697895232494343	0.3198116296504254	1.5697895232494343	0.7469941148377685
4.245000000003445	-1.2534457903167706	1.573257450020583	0.31981165970381215	1.573257450020583	0.7478148220723406
4.250000000003434	-1.2561118404728164	1.5759235061261847	0.3198116656533682	1.5759235061261847	0.7485419346185416
4.255000000003422	-1.2585347815572476	1.5783464603853823	0.31981167882813466	1.5783464603853823	0.749407202571149
4.26000000000341	-1.2612173627856824	1.5810290520333337	0.31981168924765113	1.5810290520333337	0.7506083524929542
4.265000000003399	-1.2642538904277856	1.584065568249188	0.31981167782140246	1.584065568249188	0.7521683357446731
4.270000000003387	-1.2672315839573032	1.5870432078621162	0.3198116239048129	1.5870432078621162	0.754429510371742
4.275000000003375	-1.2694003169168298	1.589211931767826	0.3198116148509962	1.589211931767826	0.7563184228033645
4.280000000003364	-1.2699845816969728	1.5897961874163413	0.3198116057193687	1.5897961874163413	0.7576119809899204
4.285000000003352	-1.2683907735245687	1.5882023775478473	0.3198116040232786	1.5882023775478473	0.7578002540562468
4.2900000000033405	-1.2642471547838965	1.5840587416227863	0.31981158683888966	1.5840587416227863	0.7569186997175711
4.295000000003329	-1.2573323505700074	1.5771439164043677	0.31981156583436016	1.5771439164043677	0.7546790359480726
