# t	u	ec	e	T	P
0.009999999999999995	-0.699217037087118	1.0211257974400596	0.3219087603529415	1.0211257974400596	0.5293254354269213
0.019999999999999934	-0.7327013179830373	1.054610048138941	0.3219087301559038	1.054610048138941	0.5402362661267794
0.029999999999999874	-0.774819026458714	1.096727713953741	0.321908687495027	1.096727713953741	0.554200462547313
0.04000000000000012	-0.8190491152243715	1.1409577744291923	0.3219086592048208	1.1409577744291923	0.5684120048109332
0.050000000000000405	-0.8596898882593049	1.1815985692935371	0.32190868103423215	1.1815985692935371	0.5816534501977293
0.06000000000000069	-0.8934928876114544	1.2154015788524994	0.32190869124104493	1.2154015788524994	0.5919852195084494
0.07000000000000098	-0.919864093220594	1.2417728216679873	0.3219087284473933	1.2417728216679873	0.5995663843623953
0.08000000000000126	-0.9399346140723255	1.261843375165634	0.32190876109330857	1.261843375165634	0.605711571187691
0.09000000000000155	-0.9554310172338591	1.2773397741072123	0.3219087568733532	1.2773397741072123	0.6108968975411112
0.10000000000000184	-0.9679117290267482	1.2898205023359113	0.32190877330916323	1.2898205023359113	0.6157250035219293
0.11000000000000212	-0.9783472984650332	1.3002560957921232	0.32190879732709005	1.3002560957921232	0.6200718480255702
0.12000000000000241	-0.986912973627375	1.3088218022798999	0.32190882865252474	1.3088218022798999	0.6239462163227874
0.130000000000002	-0.992847445928133	1.3147562779337383	0.3219088320056053	1.3147562779337383	0.627017503123278
0.1400000000000009	-0.9943917534526042	1.316300563776764	0.32190881032415974	1.316300563776764	0.6276254547342233
0.1499999999999998	-0.9889521849033165	1.3108609725030194	0.32190878759970304	1.3108609725030194	0.6264235080392276
0.1599999999999987	-0.9739522542773551	1.2958610164352797	0.3219087621579246	1.2958610164352797	0.620241432797268
0.1699999999999976	-0.9487637418318714	1.2706725062014639	0.3219087643695924	1.2706725062014639	0.6117581569922137
0.1799999999999965	-0.9169416717937686	1.238850453835705	0.3219087820419364	1.238850453835705	0.5955530237077886
0.1899999999999954	-0.885761429349328	1.207670227095798	0.32190879774646985	1.207670227095798	0.5785875123986615
0.1999999999999943	-0.8615323573794019	1.1834411539338823	0.32190879655448046	1.1834411539338823	0.5677661282010958
0.2099999999999932	-0.8455232244299127	1.1674320230733901	0.3219087986434774	1.1674320230733901	0.5551819471918671
0.2199999999999921	-0.8357202674138671	1.1576290569752552	0.321908789561388	1.1576290569752552	0.5525177907579187
0.229999999999991	-0.8313413797536837	1.153250203122118	0.3219088233684342	1.153250203122118	0.552009581311314
0.2399999999999899	-0.8341554402166592	1.1560642696935448	0.3219088294768855	1.1560642696935448	0.551254433725842
0.2499999999999888	-0.8453812549608977	1.167290053241964	0.32190879828106644	1.167290053241964	0.5540729483596957
0.2599999999999877	-0.8623722096820514	1.1842809634862101	0.32190875380415873	1.1842809634862101	0.5589052593537642
0.2699999999999866	-0.8799703160124763	1.2018790708821028	0.32190875486962656	1.2018790708821028	0.5637614831985277
0.2799999999999855	-0.8982770544879295	1.220185878404806	0.32190882391687653	1.220185878404806	0.57412857628556
0.2899999999999844	-0.9272954959079049	1.2492043426542307	0.32190884674632586	1.2492043426542307	0.5878125127365453
0.2999999999999833	-0.9706257195844633	1.2925344854823413	0.32190876589787804	1.2925344854823413	0.6106153569508574
0.3099999999999822	-1.0144548303505028	1.336363540567427	0.3219087102169243	1.336363540567427	0.6334187506613599
0.3199999999999811	-1.0459265763021046	1.3678352952199035	0.32190871891779876	1.3678352952199035	0.6492953334308653
0.32999999999998	-1.0623451872420622	1.3842538804850721	0.3219086932430099	1.3842538804850721	0.6568903334679026
0.3399999999999789	-1.0664690363073381	1.3883777520131018	0.3219087157057636	1.3883777520131018	0.6586045632618015
0.3499999999999778	-1.0633088585168151	1.3852176299148573	0.3219087713980423	1.3852176299148573	0.6570455715814544
0.35999999999997667	-1.0581727365024387	1.380081533616595	0.3219087971141565	1.380081533616595	0.6526931365071806
0.36999999999997557	-1.0540379647700677	1.3759467596225337	0.321908794852466	1.3759467596225337	0.648741660606311
0.37999999999997447	-1.0510195134628233	1.3729283330382345	0.32190881957541123	1.3729283330382345	0.6498852275460946
0.38999999999997337	-1.0482752048085573	1.3701840176969813	0.32190881288842393	1.3701840176969813	0.648828862607992
0.39999999999997227	-1.0452502789512457	1.3671590961749924	0.3219088172237468	1.3671590961749924	0.6491180847441285
0.40999999999997117	-1.0424301859553662	1.3643390047739257	0.3219088188185596	1.3643390047739257	0.647961348472433
0.41999999999997006	-1.042980326070465	1.3648892170335585	0.3219088909630935	1.3648892170335585	0.6479381500039199
0.42999999999996896	-1.0514909771891396	1.373399888954901	0.3219089117657614	1.373399888954901	0.6519662092255619
0.43999999999996786	-1.0686854716677754	1.3905943437422752	0.32190887207449975	1.3905943437422752	0.6602164351727401
0.44999999999996676	-1.0916248175468422	1.4135336614685645	0.32190884392172237	1.4135336614685645	0.6719985384530694
0.45999999999996566	-1.1167318372872492	1.4386406610793545	0.32190882379210534	1.4386406610793545	0.6841063977452555
0.46999999999996456	-1.1354445200286338	1.4573532578829247	0.3219087378542909	1.4573532578829247	0.692594444538231
0.47999999999996346	-1.1350560596477877	1.4569647477981544	0.3219086881503668	1.4569647477981544	0.6920954741253967
0.48999999999996235	-1.1088824345421613	1.4307911916605593	0.32190875711839795	1.4307911916605593	0.6765672207630207
0.49999999999996125	-1.0631120189223489	1.3850208886261777	0.3219088697038289	1.3850208886261777	0.6510105498099609
0.5099999999999602	-1.0169062226940166	1.3388152379128102	0.32190901521879356	1.3388152379128102	0.624337525832754
0.519999999999959	-0.9914239618760097	1.3133329130830305	0.3219089512070208	1.3133329130830305	0.6111628754797757
0.529999999999958	-0.9856144861485465	1.307523316267249	0.3219088301187024	1.307523316267249	0.613076600340065
0.5399999999999568	-0.9802059734171407	1.3021147795005947	0.32190880608345407	1.3021147795005947	0.6143592489395066
0.5499999999999557	-0.9713846941400678	1.2932936635593015	0.3219089694192337	1.2932936635593015	0.6121522288727984
0.5599999999999546	-0.9748903521373603	1.296799416074717	0.32190906393735674	1.296799416074717	0.6196614720396781
0.5699999999999535	-0.9999585375498661	1.3218675299239404	0.32190899237407433	1.3218675299239404	0.6290792328045965
0.5799999999999524	-1.0373089040292065	1.3592178272387472	0.3219089232095406	1.3592178272387472	0.6481578873160131
0.5899999999999513	-1.0746332314985287	1.3965421472616297	0.32190891576310077	1.3965421472616297	0.6670816238729433
0.5999999999999502	-1.1080526306350875	1.4299615289833068	0.3219088983482192	1.4299615289833068	0.6839504198861684
0.6099999999999491	-1.1346810138118846	1.456589894510401	0.32190888069851636	1.456589894510401	0.6946423009657516
0.619999999999948	-1.1469008634933524	1.4688097065998198	0.3219088431064674	1.4688097065998198	0.6982864791575943
0.6299999999999469	-1.1409169429892458	1.462825821290639	0.3219088783013933	1.462825821290639	0.6928398782782135
0.6399999999999458	-1.1219898687404426	1.4438987767521547	0.32190890801171224	1.4438987767521547	0.6885979468632653
0.6499999999999447	-1.097320398958077	1.4192293709959203	0.321908972037843	1.4192293709959203	0.6737438044506739
0.6599999999999436	-1.0762125996430798	1.3981216267254026	0.3219090270823229	1.3981216267254026	0.6616681103011633
0.6699999999999425	-1.0645243433723013	1.3864332894359788	0.3219089460636775	1.3864332894359788	0.6549353866493623
0.6799999999999414	-1.0545973687899974	1.3765063184453021	0.32190894965530475	1.3765063184453021	0.64673123975902
0.6899999999999403	-1.0472817292112078	1.3691908010485188	0.3219090718373108	1.3691908010485188	0.6449256004991933
0.6999999999999392	-1.056637159288745	1.3785462423882584	0.32190908309951355	1.3785462423882584	0.6501382668915853
0.7099999999999381	-1.085337002753196	1.4072459750427386	0.32190897228954285	1.4072459750427386	0.6658325002738485
0.719999999999937	-1.1156290986569428	1.437537941554273	0.3219088428973302	1.437537941554273	0.683192031596569
0.7299999999999359	-1.1267759031846465	1.4486847017914095	0.321908798606763	1.4486847017914095	0.6913119055921096
0.7399999999999348	-1.1125223825953716	1.4344312870443656	0.32190890444899395	1.4344312870443656	0.6845595260629662
0.7499999999999337	-1.0895919893897996	1.4115010942020019	0.32190910481220214	1.4115010942020019	0.6723585312253031
0.7599999999999326	-1.0887820634010439	1.4106911915297256	0.3219091281286815	1.4106911915297256	0.6799097383049162
0.7699999999999315	-1.111501919974055	1.4334107890067609	0.3219088690327058	1.4334107890067609	0.6863063578660489
0.7799999999999304	-1.1248212392807284	1.4467299920862462	0.3219087528055178	1.4467299920862462	0.6968523427961464
0.7899999999999293	-1.1119477023441382	1.4338565699456791	0.32190886760154086	1.4338565699456791	0.6958392127457239
0.7999999999999282	-1.0835210314376074	1.4054300196842646	0.32190898824665726	1.4054300196842646	0.6853295409221326
0.8099999999999271	-1.0573684307383027	1.3792774506362164	0.3219090198979137	1.3792774506362164	0.6745492200502547
0.819999999999926	-1.0407434156193671	1.3626523813407385	0.3219089657213715	1.3626523813407385	0.6661482950929494
0.8299999999999249	-1.03539552196628	1.357304549641637	0.3219090276753569	1.357304549641637	0.666022749048574
0.8399999999999238	-1.051296829855727	1.3732058639900513	0.32190903413432426	1.3732058639900513	0.6726628387394197
0.8499999999999227	-1.0822308016591178	1.4041396602712695	0.3219088586121516	1.4041396602712695	0.682679075856011
0.8599999999999216	-1.1044109723700297	1.4263198287883236	0.3219088564182938	1.4263198287883236	0.6884879368635958
0.8699999999999205	-1.11259243648738	1.4345014293147273	0.3219089928273472	1.4345014293147273	0.6922972049518538
0.8799999999999194	-1.1160039698274897	1.4379130318213476	0.32190906199385777	1.4379130318213476	0.6937042294589268
0.8899999999999183	-1.1215096898287202	1.443418721589496	0.32190903176077584	1.443418721589496	0.6977270910035572
0.8999999999999172	-1.1309207420807112	1.4528297699925463	0.32190902791183507	1.4528297699925463	0.7026741760475995
0.9099999999999161	-1.1425182615378733	1.4644272843399495	0.32190902280207623	1.4644272843399495	0.7092721914893753
0.919999999999915	-1.1531040658317153	1.4750130754942123	0.321909009662497	1.4750130754942123	0.7131438632813027
0.9299999999999139	-1.1609834450973284	1.482892440993294	0.32190899589596567	1.482892440993294	0.7138046489168997
0.9399999999999128	-1.1657607222973922	1.4876697679052941	0.3219090456079019	1.4876697679052941	0.710790620405379
0.9499999999999117	-1.1661187111430238	1.4880277421479766	0.3219090310049528	1.4880277421479766	0.7051539016827758
0.9599999999999106	-1.160514126831405	1.4824231561100265	0.32190902927862153	1.4824231561100265	0.6978247686602078
0.9699999999999095	-1.1471409504869023	1.4690499381494917	0.32190898766258924	1.4690499381494917	0.6860363481382685
0.9799999999999084	-1.119095522217089	1.4410044450619492	0.3219089228448601	1.4410044450619492	0.6755714306344686
0.9899999999999073	-1.068709382222848	1.3906183400897918	0.32190895786694396	1.3906183400897918	0.6484197644581834
0.9999999999999062	-1.0128395800094419	1.3347488220546666	0.3219092420452246	1.3347488220546666	0.6160934955294439
1.0099999999999052	-0.9866796350078936	1.3085887806835905	0.3219091456756969	1.3085887806835905	0.5949400837048544
1.019999999999904	-0.9848083433168988	1.306717408772626	0.3219090654557273	1.306717408772626	0.5941968328050005
1.029999999999903	-0.9925709422662534	1.3144800847589977	0.32190914249274427	1.3144800847589977	0.6001930927090607
1.039999999999902	-1.0130745171937736	1.3349836290319053	0.3219091118381316	1.3349836290319053	0.6153419419832944
1.0499999999999008	-1.0398098629308832	1.3617188683671524	0.3219090054362692	1.3617188683671524	0.6376566239786036
1.0599999999998997	-1.0597655787855043	1.3816745709773246	0.32190899219182045	1.3816745709773246	0.6569585582150829
1.0699999999998986	-1.067726857769092	1.3896358404205709	0.32190898265147877	1.3896358404205709	0.6670839934592092
1.0799999999998975	-1.0667886849841477	1.388697746228531	0.3219090612443833	1.388697746228531	0.6727378810634188
1.0899999999998964	-1.0650081561605333	1.3869172875316746	0.32190913137114124	1.3869172875316746	0.6740701541250113
1.0999999999998953	-1.069718525276011	1.3916277028370998	0.3219091775610887	1.3916277028370998	0.6746970545834767
1.1099999999998942	-1.0835159772423872	1.4054251409969185	0.32190916375453144	1.4054251409969185	0.6736103496689565
1.119999999999893	-1.1043183971712809	1.4262275184211881	0.32190912124990717	1.4262275184211881	0.6796620133458489
1.129999999999892	-1.1247237057955513	1.4466327587414047	0.3219090529458535	1.4466327587414047	0.6890923223182114
1.1399999999998909	-1.1344057903110676	1.4563147993416836	0.3219090090306162	1.4563147993416836	0.6943128927660838
1.1499999999998898	-1.1271041737347371	1.4490131997106304	0.32190902597589316	1.4490131997106304	0.6881525730391439
1.1599999999998887	-1.105662967907329	1.4275720664859737	0.3219090985786445	1.4275720664859737	0.6819140065558508
1.1699999999998876	-1.080009363265559	1.4019185138551835	0.3219091505896246	1.4019185138551835	0.6721597114807496
1.1799999999998865	-1.0598212617884182	1.3817304230829557	0.32190916129453756	1.3817304230829557	0.6626054092594119
1.1899999999998854	-1.0513291027588572	1.3732382601405952	0.3219091573817383	1.3732382601405952	0.6619599964918592
1.1999999999998843	-1.0587171809226517	1.3806263567192736	0.3219091757966218	1.3806263567192736	0.6615756755188933
1.2099999999998832	-1.0793397142555852	1.401248805056638	0.321909090801053	1.401248805056638	0.6717125047676749
1.219999999999882	-1.1024552702122759	1.4243643398303043	0.3219090696180285	1.4243643398303043	0.682459062397814
1.229999999999881	-1.1198148381992743	1.4417239121431187	0.3219090739438444	1.4417239121431187	0.689601820032289
1.2399999999998799	-1.130929552943864	1.4528386591565956	0.3219091062127316	1.4528386591565956	0.6907341955959277
1.2499999999998788	-1.140514204681765	1.4624233413602337	0.3219091366784689	1.4624233413602337	0.6894961606999682
1.2599999999998777	-1.1531169976812863	1.4750261178488266	0.3219091201675404	1.4750261178488266	0.6913289425257865
1.2699999999998766	-1.1630552914152303	1.4849642674373056	0.32190897602207513	1.4849642674373056	0.696714236973365
1.2799999999998755	-1.1578560722472417	1.4797650243948743	0.3219089521476326	1.4797650243948743	0.6936324189919602
1.2899999999998744	-1.133190126168145	1.4550991349266018	0.32190900875845685	1.4550991349266018	0.6780181963380241
1.2999999999998733	-1.0973411086518863	1.4192502229982547	0.3219091143463683	1.4192502229982547	0.657735471919048
1.3099999999998722	-1.0664398647094917	1.388349037526435	0.32190917281694326	1.388349037526435	0.6397713148424349
1.319999999999871	-1.05500867584985	1.3769178447649486	0.3219091689150986	1.3769178447649486	0.6340712034128905
1.32999999999987	-1.0648838391545907	1.386792936653829	0.321909097499238	1.386792936653829	0.6356538260093619
1.3399999999998689	-1.0848585187663617	1.4067675218269753	0.32190900306061354	1.4067675218269753	0.6487536853788765
1.3499999999998678	-1.1010723311675354	1.422981289209673	0.32190895804213737	1.422981289209673	0.658512783275248
1.3599999999998666	-1.1052894103894244	1.4271983697374844	0.32190895934805996	1.4271983697374844	0.6682100512230086
1.3699999999998655	-1.0993734563141673	1.4212825007315217	0.3219090444173546	1.4212825007315217	0.6717483369548639
1.3799999999998644	-1.0928408739941786	1.4147499535503996	0.3219090795562211	1.4147499535503996	0.6746777458059605
1.3899999999998633	-1.0908370941934318	1.4127461393514011	0.3219090451579693	1.4127461393514011	0.6770515620102954
1.3999999999998622	-1.0901577077452786	1.4120667472936888	0.32190903954841005	1.4120667472936888	0.6763168731897027
1.4099999999998611	-1.0901458917024132	1.4120549905303688	0.32190909882795554	1.4120549905303688	0.6763973972099198
1.41999999999986	-1.0954532241612043	1.4173623105618736	0.32190908640066934	1.4173623105618736	0.679544461709194
1.429999999999859	-1.1068397051036027	1.428748782943634	0.3219090778400314	1.428748782943634	0.6842832484837416
1.4399999999998578	-1.1197881024110368	1.4416971820197555	0.32190907960871856	1.4416971820197555	0.6916594433074533
1.4499999999998567	-1.130403253668438	1.4523123315917352	0.321909077923297	1.4523123315917352	0.6972712287064426
1.4599999999998556	-1.1364989238105303	1.458407963120614	0.3219090393100838	1.458407963120614	0.6994989034207346
1.4699999999998545	-1.1355368340240062	1.4574458022129617	0.32190896818895554	1.4574458022129617	0.7001505193695929
1.4799999999998534	-1.1245965156695947	1.4465054067288037	0.321908891059209	1.4465054067288037	0.6968988093533834
1.4899999999998523	-1.0985056282139412	1.4204143684084116	0.3219087401944705	1.4204143684084116	0.6885738140205002
1.4999999999998512	-1.0442544012198403	1.366163111479534	0.32190871025969386	1.366163111479534	0.6709131701651724
1.5099999999998501	-0.9868609636629896	1.3087704277082473	0.3219094640452576	1.3087704277082473	0.6509422482541556
1.519999999999849	-1.0194749018037879	1.3413838334354398	0.32190893163165185	1.3413838334354398	0.6610504532076215
1.529999999999848	-1.0836501969204877	1.4055587937369496	0.3219085968164617	1.4055587937369496	0.6798339724984849
1.5399999999998468	-1.1097098496407676	1.431618706975643	0.32190885733487534	1.431618706975643	0.6895982026640487
1.5499999999998457	-1.1140209098627647	1.4359299068184415	0.32190899695567693	1.4359299068184415	0.6898383342741212
1.5599999999998446	-1.1150414858425675	1.4369505148663948	0.32190902902382734	1.4369505148663948	0.6883629988974319
1.5699999999998435	-1.1170195149021658	1.438928506768627	0.3219089918664612	1.438928506768627	0.6855675554981618
1.5799999999998424	-1.1173308558232826	1.4392398744992116	0.32190901867592886	1.4392398744992116	0.683597060999103
1.5899999999998413	-1.1160323198007374	1.4379413358039996	0.32190901600326244	1.4379413358039996	0.6808996475221318
1.5999999999998402	-1.115195989048813	1.4371049577378918	0.3219089686890787	1.4371049577378918	0.6808141709917284
1.6099999999998391	-1.1106873096149958	1.432596220689702	0.3219089110747062	1.432596220689702	0.6798570305635281
1.619999999999838	-1.0947269292994468	1.4166357649555812	0.3219088356561345	1.4166357649555812	0.6736582793668012
1.629999999999837	-1.061241599638835	1.3831503822602227	0.32190878262138767	1.3831503822602227	0.6579767310857085
1.6399999999998358	-1.013464839300074	1.335373764868844	0.32190892556877004	1.335373764868844	0.6369674824706875
1.6499999999998347	-0.9808668386614268	1.302775937174971	0.3219090985135442	1.302775937174971	0.6225885131271276
1.6599999999998336	-0.9877913144536784	1.3097001939750523	0.32190887952137404	1.3097001939750523	0.6255060405734352
1.6699999999998325	-1.0070724660354942	1.3289812634749512	0.32190879743945716	1.3289812634749512	0.6299714714203084
1.6799999999998314	-1.0214778832352949	1.343386836408606	0.3219089531733108	1.343386836408606	0.6336417366363888
1.6899999999998303	-1.045794333697469	1.3677032706238796	0.32190893692641054	1.3677032706238796	0.6454303122452936
1.6999999999998292	-1.0791340217243954	1.4010428076193613	0.3219087858949659	1.4010428076193613	0.6643555689067389
1.709999999999828	-1.100646859802967	1.4225556202492167	0.32190876044624955	1.4225556202492167	0.6768144950318379
1.719999999999827	-1.1053528777592085	1.4272617448373588	0.3219088670781504	1.4272617448373588	0.6801978324109093
1.729999999999826	-1.1079064564759016	1.4298154403731254	0.3219089838972238	1.4298154403731254	0.679524744225591
1.7399999999998248	-1.1228365200921748	1.4447455189379306	0.32190899884575574	1.4447455189379306	0.6857449198218489
1.7499999999998237	-1.1484489334653671	1.470357859346936	0.32190892588156883	1.470357859346936	0.6979837636762208
1.7599999999998226	-1.1719438429641154	1.4938527163723334	0.3219088734082179	1.4938527163723334	0.7101587068930689
1.7699999999998215	-1.184084327723491	1.505993141285189	0.321908813561698	1.505993141285189	0.7148124694653247
1.7799999999998204	-1.1818008936072877	1.5037096791117728	0.32190878550448504	1.5037096791117728	0.711845484915421
1.7899999999998193	-1.165450947522942	1.4873597295257135	0.32190878200277157	1.4873597295257135	0.7022844842148174
1.7999999999998182	-1.1403207816833019	1.4622296478951262	0.3219088662118243	1.4622296478951262	0.6871006645109888
1.809999999999817	-1.1180958718492706	1.4400047704491814	0.3219088985999109	1.4400047704491814	0.6811166775713762
1.819999999999816	-1.1092340401693987	1.4311428965057575	0.32190885633635885	1.4311428965057575	0.6736616729152917
1.8299999999998149	-1.113983779872096	1.4358925913525704	0.3219088114804745	1.4358925913525704	0.6726253752894129
1.8399999999998138	-1.1253686734010386	1.447277426216022	0.3219087528149835	1.447277426216022	0.6795496138553717
1.8499999999998127	-1.1342500828608986	1.456158781853431	0.32190869899253244	1.456158781853431	0.6877495788341901
1.8599999999998116	-1.1337772108285977	1.4556859108324585	0.3219087000038607	1.4556859108324585	0.6895853420909464
1.8699999999998105	-1.1243397328995264	1.4462484724871607	0.32190873958763433	1.4462484724871607	0.6869884526813941
1.8799999999998094	-1.1109131755149873	1.4328219066566619	0.32190873114167445	1.4328219066566619	0.6810960702764425
1.8899999999998083	-1.0967152523249575	1.4186239856524936	0.32190873332753595	1.4186239856524936	0.6752181434988802
1.8999999999998072	-1.0820716171045166	1.4039803716719366	0.3219087545674199	1.4039803716719366	0.6684751401695195
1.909999999999806	-1.066573225404981	1.3884819500014283	0.32190872459644737	1.3884819500014283	0.6591601377861609
1.919999999999805	-1.0526019309185919	1.374510740842314	0.3219088099237222	1.374510740842314	0.6545318563719909
1.9299999999998039	-1.0539243076514277	1.3758332183049555	0.3219089106535277	1.3758332183049555	0.6546123221688785
1.9399999999998028	-1.0842167841375006	1.406125575282382	0.3219087911448814	1.406125575282382	0.6696389772743402
1.9499999999998017	-1.1288357627463659	1.4507444373117808	0.32190867456541494	1.4507444373117808	0.6913913157888826
1.9599999999998006	-1.1659297670112672	1.4878384519313521	0.32190868492008506	1.4878384519313521	0.7084629904177836
1.9699999999997995	-1.1896995676388755	1.511608282801343	0.32190871516246744	1.511608282801343	0.7181204768711658
1.9799999999997984	-1.202480630788142	1.5243893385746419	0.32190870778649994	1.5243893385746419	0.7200885630215724
1.9899999999997973	-1.2057450535403242	1.527653744666525	0.3219086911262008	1.527653744666525	0.720595537971886
1.9999999999997962	-1.1984053840969093	1.5203140758151779	0.32190869171826847	1.5203140758151779	0.717439754811572
